0.04	0.03	0.914587	-0.00712948	0.404325	
0	0.06	0.911658	-0.00546474	0.410914	
0.04	-0.08	0.912161	0.00573121	0.409793	
0.05	-0.08	0.916416	0.00504239	0.400196	
0.09	-0.08	0.912941	-0.00718353	0.408029	
-3.88578e-016	-1.04083e-017	0.913641	-0.00494998	0.406492	
0	0.1	0.913157	-0.00330708	0.407595	
0.08	-0.08	0.914192	-0.00122671	0.405279	
0.02	0.09	0.913443	0.00183363	0.406962	
0.02	-0.04	0.912887	0.00620341	0.408164	
-3.88361e-016	0.05	0.914453	0.00300055	0.404681	
0.09	-1.04083e-017	0.913133	0.000863619	0.40766	
0.1	0.1	0.916289	-0.000773782	0.400517	
0.04	0.02	0.91601	0.00666775	0.4011	
0.04	0.03	0.914357	-0.00400557	0.40489	
0.06	0.07	0.913575	9.84802e-005	0.406671	
0.06	-0.03	0.911998	-0.0051532	0.410163	
0.1	0.04	0.916852	-0.00557935	0.399189	
0.01	-0.06	0.916583	0.0057047	0.399803	
0.09	-0.03	0.911321	-0.00389535	0.411679	
1.29671e-016	-0.08	0.915849	-0.00626149	0.401475	
0.08	-0.01	0.912103	-0.00132266	0.409958	
0.08	0.07	0.911947	0.00557335	0.41027	
0.09	-0.02	0.912452	-0.00152041	0.409181	
0.02	0.04	0.910974	0.00375966	0.412447	
0.06	-0.09	0.915407	0.00357824	0.402515	
0.08	0.07	0.910474	0.00113391	0.413564	
0.03	-0.04	0.913792	-0.00615168	0.406136	
0.01	-1.04083e-017	0.915178	0.00466173	0.403024	
-3.88361e-016	0.05	0.913887	-0.00423588	0.405947	
0.09	-0.09	0.91209	0.00262532	0.409981	
0.01	-0.03	0.91231	-0.0059409	0.409457	
0.01	0.08	0.914848	0.000824618	0.403798	
0.07	0.06	0.910895	-0.00699298	0.412579	
0.09	-0.1	0.911742	-0.00180642	0.41076	
-2.59124e-016	-0.03	0.915752	-0.00142348	0.401742	
-1.29454e-016	0.04	0.912406	0.00785598	0.409211	
0.02	0.09	0.91353	0.000531988	0.40677	
0.07	-0.02	0.912226	-0.000756323	0.409687	
0.04	-0.01	0.913962	0.000538328	0.4058	
0.03	-0.09	0.914054	-0.00171763	0.40559	
0.06	-0.09	0.911431	-0.00572766	0.411413	
0.07	0.07	0.914011	0.00159983	0.405686	
0.01	0.02	0.915392	0.00160637	0.40256	
0.03	0.07	0.914739	0.00214173	0.40404	
0.05	-0.06	0.913182	0.00699301	0.407492	
0.02	-0.06	0.912727	-0.00225375	0.408564	
-2.59124e-016	0.03	0.914808	-0.0078941	0.403811	
0.05	-0.04	0.916364	-0.00166739	0.400343	
0.04	-0.09	0.913941	0.00376181	0.405831	
0.02	0.06	0.91037	-0.00631121	0.413746	
0.05	0.08	0.913747	0.000622759	0.406283	
0.02	-0.07	0.912954	0.00152186	0.408059	
0.06	0.06	0.912261	0.00237698	0.409603	
0.1	0.02	0.916504	-0.00773048	0.399951	
0.04	-0.01	0.910805	-0.00178659	0.412833	
0.09	-0.09	0.915985	0.00858227	0.40112	
0.07	0.03	0.910708	-0.00572452	0.413012	
0.03	0.09	0.915262	0.00713345	0.402796	
0.09	-1.04083e-017	0.912565	0.00633245	0.408883	
0.07	-0.03	0.910572	-0.00456849	0.413325	
0.06	0.07	0.913688	0.00354087	0.406402	
0.08	0.08	0.9104	-0.00770542	0.413658	
-3.88361e-016	0.05	0.914109	0.00146831	0.405466	
0.03	0.02	0.912388	0.00295587	0.409317	
0.01	-0.1	0.916496	-0.0066351	0.399988	
1.29454e-016	-0.01	0.914523	0.00679947	0.404476	
0.03	-0.06	0.914923	-0.00560518	0.40359	
0.02	-0.04	0.913803	-0.00669815	0.406103	
0.07	-0.08	0.912024	-0.00718824	0.410075	
0.09	0.04	0.91075	0.00685457	0.412902	
0.07	-0.09	0.916966	-0.0017567	0.398961	
0.1	-0.03	0.914073	-1.34042e-005	0.40555	
0.09	0.1	0.915651	0.00220468	0.401969	
0.01	-0.02	0.912764	0.00362354	0.408471	
0.09	-0.03	0.91276	0.00192532	0.408492	
0.09	0.01	0.910798	-0.00307427	0.412841	
0.02	-0.09	0.915259	-0.00300506	0.402856	
0.06	-0.06	0.912267	-0.00740335	0.409529	
0.09	0.04	0.916946	0.000228152	0.399012	
0.07	0.03	0.9167	-0.00499783	0.399545	
0.06	0.08	0.914361	0.00307122	0.404889	
0.08	0.05	0.913224	-0.000825431	0.407456	
0.05	-0.06	0.91546	-0.00702763	0.402348	
0.09	-1.04083e-017	0.916955	-0.0011142	0.39899	
0.01	-0.08	0.91154	0.00633783	0.411163	
0.06	-1.04083e-017	0.915692	0.00274322	0.401872	
0.09	-0.03	0.911056	0.0041279	0.412263	
0.06	-0.03	0.912003	-0.000735546	0.410183	
0.08	-0.04	0.910919	-0.00185837	0.412581	
0	-0.1	0.911188	-0.00215985	0.411986	
0.09	0.09	0.914362	-0.00321165	0.404884	
0.05	-0.07	0.916471	0.00478377	0.400072	
0.04	-0.05	0.913844	0.0057625	0.406024	
0.01	0.07	0.912347	0.0075846	0.409348	
0.02	-0.08	0.912018	-0.00452839	0.410125	
0.03	0.09	0.911537	-0.00118531	0.411216	
0.01	-0.01	0.914987	0.00576842	0.403442	
-3.88578e-016	-1.04083e-017	0.914213	-0.000870418	0.405233	
0.05	-0.02	0.914695	0.00421332	0.404123	
0.04	0.1	0.911486	-0.00672865	0.411276	
0.04	-0.01	0.913198	-0.00599704	0.407472	
0.02	0.09	0.91444	0.00451716	0.404697	
0.08	0.03	0.9121	0.00748087	0.4099	
0.01	-0.01	0.911539	0.00313999	0.411201	
0.01	0.03	0.911836	-0.00496537	0.410525	
0.04	0.04	0.911952	0.00506313	0.410267	
0.06	-0.09	0.910465	0.0082751	0.413503	
0.04	0.06	0.912891	-0.00554437	0.408166	
0.04	-0.02	0.911178	-0.00425029	0.411992	
0.03	0.1	0.910658	-0.00623132	0.413114	
0	0.1	0.911836	-0.00355237	0.410539	
0	0.06	0.912997	-0.00506144	0.407936	
0.01	0.05	0.913754	-0.000831202	0.406267	
0.06	0.07	0.913206	0.00623735	0.407451	
0.07	0.07	0.912917	2.17997e-005	0.408144	
2.59124e-016	0.09	0.913165	0.00736478	0.407524	
0.09	0.1	0.91292	-0.00846871	0.408052	
0.02	0.07	0.91287	0.00164226	0.408247	
0.1	0.04	0.914647	-0.00675465	0.404198	
0.03	0.08	0.910593	0.00483074	0.413276	
0.04	0.02	0.911	-0.00401567	0.412386	
0.09	-0.08	0.916131	0.000992072	0.400877	
0.1	0.02	0.915503	0.000923119	0.402309	
0.01	0.03	0.911991	0.00653047	0.410159	
0.05	0.05	0.910948	0.00432382	0.412498	
0.03	0.05	0.913078	0.00467389	0.407758	
0.07	0.06	0.911989	0.0057289	0.410174	
0.09	-0.09	0.914469	-0.00620205	0.404608	
0.07	-0.03	0.914626	0.00492476	0.404271	
0.08	-0.01	0.910977	-0.0077006	0.412386	
0.04	-0.07	0.912698	-0.00597416	0.40859	
0.04	-0.07	0.910631	0.00685338	0.413163	
0.09	0.02	0.915514	0.000656091	0.402285	
0.01	-0.03	0.911802	-0.00219661	0.410624	
0.1	0.09	0.910964	0.00275152	0.412477	
0	-0.1	0.916507	-0.00473671	0.399991	
0.07	-0.05	0.91138	0.00783049	0.411492	
2.59124e-016	-0.09	0.911751	0.00720777	0.410679	
0.01	-0.01	0.915716	0.00495627	0.401796	
2.59124e-016	-0.09	0.914127	-0.00292941	0.405417	
0.07	0.07	0.916551	0.000153501	0.399918	
2.59124e-016	-0.09	0.916183	-0.000137692	0.40076	
0.06	-0.04	0.913117	-0.00298313	0.407687	
0.08	-0.01	0.914505	-0.00048062	0.404575	
0.07	-0.07	0.916253	-0.00546967	0.400562	
-3.88361e-016	-0.05	0.910581	0.00110781	0.41333	
0.1	0.03	0.915137	-0.00707162	0.403081	
0.08	-0.08	0.913501	0.00494228	0.406805	
0.1	-0.06	0.913467	0.00292731	0.406902	
0.01	-0.02	0.914069	-0.00752073	0.40549	
0.01	0.08	0.911636	0.00260998	0.41099	
0.03	0.09	0.915538	-0.00418516	0.402209	
0.05	0.05	0.912354	-0.00187678	0.409397	
0.01	-0.05	0.91321	0.00315928	0.407476	
-2.59124e-016	0.03	0.910403	0.000637149	0.413723	
0.05	-1.04083e-017	0.913332	0.00456706	0.40719	
0.09	-0.02	0.916747	0.00493161	0.399437	
-3.88361e-016	0.02	0.914196	-0.0022686	0.405265	
0.04	-0.09	0.913155	0.000565803	0.407613	
0.04	0.05	0.911098	-0.00192502	0.412185	
0.05	0.03	0.912497	0.00231516	0.409076	
0.06	-0.08	0.915112	-0.00261036	0.403191	
0.08	-0.07	0.913553	0.00598417	0.406676	
0.09	0.04	0.913949	0.000320993	0.40583	
0.04	-0.03	0.914074	0.00460869	0.405522	
0.05	0.03	0.913332	-0.0066794	0.40716	
0	0.07	0.910566	-0.00287279	0.413353	
0.1	-0.05	0.915176	0.00670523	0.402999	
0.07	-0.05	0.912101	-0.0061432	0.40992	
0.06	0.08	0.914218	-0.00574137	0.405182	
0.07	0.06	0.914228	-0.00506222	0.405168	
0.03	0.08	0.910491	0.00196539	0.413525	
0.08	0.02	0.911615	0.0040724	0.411024	
0.04	0.1	0.911029	-0.00184835	0.412338	
0.1	0.03	0.910241	-0.00423689	0.414057	
0.07	-0.05	0.916914	0.000754816	0.399084	
0.03	0.06	0.916672	-0.00747021	0.399572	
0.02	-0.04	0.911753	-0.00563073	0.410699	
-3.88361e-016	0.02	0.912379	0.00159264	0.409342	
0.06	0.04	0.915061	-0.00799827	0.403237	
0.07	0.05	0.911837	-0.00465171	0.410526	
0.03	0.08	0.91051	0.00269642	0.413478	
0.05	0.02	0.910915	-0.00747033	0.412526	
0.1	-0.03	0.911673	0.00215773	0.410911	
0.09	0.05	0.910274	0.00244194	0.414	
0.02	0.06	0.914442	-0.00820792	0.404634	
0.01	-0.01	0.913622	0.0079838	0.406486	
0.03	-0.05	0.915249	0.0083554	0.402801	
0.05	-0.1	0.91124	0.00617851	0.41183	
0.04	0.04	0.91253	0.0015416	0.409007	
0.01	0.02	0.916166	-0.00687011	0.400741	
0.1	-0.04	0.916118	-0.0022603	0.400903	
0.04	0.01	0.91596	0.00363346	0.401253	
0.09	0.04	0.913262	-0.00312799	0.407361	
-1.29454e-016	-0.04	0.912439	0.00455944	0.409188	
-1.29454e-016	0.04	0.91447	0.00268273	0.404646	
0.1	-0.06	0.916441	0.00769024	0.400096	
0.06	-0.03	0.915813	0.00662306	0.40155	
0.04	0.09	0.910573	-0.00236161	0.413343	
0.05	-0.02	0.916746	-0.00242003	0.399463	
0.1	0.09	0.912323	-0.00804032	0.409393	
0.07	-0.08	0.914255	-0.00182503	0.405136	
0.04	-0.1	0.916631	0.00557434	0.399695	
0	0.06	0.912209	0.0033921	0.40971	
0.05	0.09	0.91522	0.00585668	0.402912	
0.07	-0.04	0.911086	-0.000385788	0.412215	
1.29671e-016	0.08	0.910729	-1.91162e-005	0.413005	
0.1	0.08	0.910386	0.00415525	0.413739	
1.29454e-016	0.01	0.912917	-0.00184893	0.408141	
0.07	-0.01	0.913961	0.00433932	0.405778	
0.01	0.03	0.912306	-0.00198422	0.409504	
0.05	-0.05	0.914327	0.00801981	0.404897	
0.1	0.06	0.914583	-0.00629791	0.40435	
-2.59124e-016	0.03	0.91158	-0.00815544	0.411042	
0.06	-0.03	0.910821	0.00432604	0.412778	
0.07	0.09	0.913697	-0.00351815	0.40638	
0.05	-0.02	0.910367	0.00792513	0.413727	
0.02	0.03	0.91055	-0.00328917	0.413385	
0.05	0.03	0.91244	-0.000877723	0.409209	
0.08	0.09	0.910419	0.00573072	0.413648	
0.01	-0.05	0.910712	-0.00460051	0.413016	
0.03	-0.03	0.913843	0.00344916	0.406053	
0.01	-1.04083e-017	0.912463	-0.00209439	0.409154	
0.01	-0.07	0.912484	-0.00129482	0.40911	
0.01	-0.05	0.912817	-0.00756589	0.408299	
0.06	-0.09	0.914108	0.00733131	0.405406	
0.02	-0.09	0.916529	-0.00460194	0.399943	
0.04	-0.09	0.914224	-0.000622723	0.405209	
0.04	-1.04083e-017	0.913826	-0.00423383	0.406083	
0.07	0.07	0.913984	-0.00723036	0.405686	
0.04	-0.03	0.913929	0.0018355	0.405869	
0.02	0.04	0.915927	0.00690743	0.401286	
0.01	-1.04083e-017	0.913448	0.00723289	0.406891	
0.06	0.1	0.915874	-0.00448069	0.40144	
0.07	0.07	0.910457	-0.00713966	0.413543	
0.02	-0.06	0.915702	-0.00327914	0.401845	
0.07	0.02	0.91615	-0.00307436	0.400825	
0.02	-0.08	0.913419	-0.00120876	0.40702	
0.04	0.01	0.910328	0.00217018	0.413881	
0.09	-0.05	0.912141	0.0014963	0.409873	
0.09	-0.09	0.915973	-0.000249263	0.40124	
0.01	0.03	0.911507	-0.0012981	0.411283	
0.07	0.02	0.912708	-0.0031526	0.408601	
0.02	0.01	0.910372	-0.0077366	0.413718	
0.04	0.04	0.916604	-0.00635331	0.399746	
0.09	-0.01	0.916168	0.00518263	0.400762	
-2.59124e-016	0.03	0.916232	0.00227877	0.400642	
0.02	0.09	0.915593	-0.00257267	0.402098	
0.01	-0.04	0.916037	0.00320159	0.401081	
0.08	0.09	0.911407	0.00640412	0.411457	
0.04	0.05	0.916794	-0.00773224	0.399284	
0.03	0.08	0.911119	0.0047538	0.412116	
0.02	0.02	0.913811	-0.000138735	0.40614	
0.02	-0.01	0.911283	-0.0034468	0.411767	
-1.29454e-016	0.04	0.916951	0.000308356	0.398999	
0.1	0.05	0.914292	-0.00151999	0.405054	
0.08	0.09	0.911905	0.00559185	0.410363	
1.29454e-016	0.01	0.915627	-0.00554559	0.401991	
0.02	0.03	0.912333	-0.000667524	0.409449	
1.29454e-016	-0.01	0.911464	0.00133823	0.411378	
-1.29454e-016	0.04	0.914013	-0.00222014	0.405679	
0.04	0.01	0.910444	-0.00612835	0.413587	
0.07	0.1	0.916347	-0.00382001	0.400366	
0.07	-0.05	0.912215	-0.00116239	0.409709	
0.04	-0.07	0.914084	0.00295851	0.405514	
0.09	0.07	0.91073	-0.0080998	0.412923	
0.03	-0.02	0.912629	0.000411267	0.408789	
0.06	-1.04083e-017	0.915248	-0.00139935	0.402889	
0.07	0.01	0.912626	-0.00659458	0.408743	
0.07	0.01	0.916774	0.00656607	0.399353	
0.03	-0.02	0.912997	-7.21914e-006	0.407965	
0.1	-0.02	0.911832	0.00388994	0.410546	
0.06	-0.08	0.910638	-0.000965707	0.413204	
0.07	-0.08	0.912742	0.00442832	0.408513	
0.05	0.01	0.914254	0.00602524	0.405098	
0.1	0.05	0.9152	-0.00360648	0.402984	
0.01	-0.01	0.912847	0.00207144	0.408296	
0.06	-0.04	0.916186	0.00141786	0.40075	
0.07	-0.01	0.911935	-0.00189448	0.410329	
-3.88361e-016	0.02	0.915388	0.00612527	0.402527	
0.02	0.03	0.915451	-0.00164839	0.402426	
0.09	-0.04	0.913115	-0.0057734	0.407661	
0.06	0.02	0.913147	0.00633841	0.407581	
0.02	0.01	0.911577	-0.00267188	0.411121	
0.05	-0.07	0.912667	-0.00682142	0.408647	
0.09	-0.08	0.912998	0.00740028	0.407898	
0.02	0.08	0.915798	-0.00801388	0.40156	
0.04	0.1	0.916025	0.00226939	0.401114	
0.08	-0.06	0.915745	-0.00169522	0.401755	
0.03	0.04	0.913397	-0.00773203	0.406997	
0.01	0.08	0.912409	-0.000946555	0.409279	
0.05	-0.1	0.916843	0.000537771	0.399248	
0.02	0.08	0.911117	0.00356539	0.412131	
0.05	0.02	0.915264	-0.000183685	0.402854	
0.1	0.1	0.916835	-0.00531905	0.399232	
0.08	0.09	0.91484	0.0053979	0.40378	
0.09	0.04	0.91232	0.00572289	0.409437	
0.01	0.06	0.914288	-0.000299581	0.405064	
0.07	-0.03	0.915382	0.000991058	0.402584	
0.08	-0.05	0.911648	-0.000141679	0.410972	
0.09	0.09	0.910453	-0.00592135	0.413571	
0.06	-0.04	0.915321	-0.00452986	0.402699	
0.05	0.01	0.911684	-0.00819029	0.410811	
0.01	-0.08	0.914789	0.00296592	0.403921	
0.02	0.06	0.911311	-0.00511474	0.411687	
0.06	-0.03	0.916592	-0.00258381	0.399816	
0.06	0.1	0.911486	0.000631455	0.411331	
0.1	0.02	0.914368	0.00108578	0.404883	
0.03	0.04	0.914893	0.000251201	0.403696	
0.02	0.02	0.916018	0.00130609	0.401134	
0.06	-0.08	0.911353	-4.23182e-005	0.411627	
0.03	0.06	0.916888	0.00402452	0.399123	
0.06	-0.03	0.913211	-0.00710949	0.407426	
0.07	0.07	0.913716	0.00187356	0.406348	
0.08	-0.03	0.912933	-0.00607661	0.408065	
0.06	0.07	0.912276	-0.00183819	0.409573	
0.08	0.02	0.915188	-0.00108008	0.403025	
0.08	-0.05	0.913894	-0.00221351	0.405948	
0.08	-0.04	0.914035	-0.00490737	0.405605	
0.09	0.01	0.913886	0.00047509	0.405971	
0.03	0.05	0.916651	-0.0030309	0.399677	
0.01	-0.07	0.915281	-7.49923e-005	0.402815	
1.29671e-016	-0.08	0.910731	0.00326769	0.412987	
0.01	0.07	0.911926	-0.00538148	0.410319	
0.08	-1.04083e-017	0.914551	-0.00236034	0.404464	
0.04	0.1	0.912713	-0.00710078	0.408539	
1.29454e-016	-0.01	0.910522	0.00508347	0.41343	
-2.59124e-016	0.03	0.910344	0.00737483	0.413787	
0.09	-0.09	0.910411	-0.00530691	0.41367	
0.09	-0.01	0.910858	0.00443824	0.412696	
0.06	0.07	0.910701	0.0065346	0.413015	
0.07	0.05	0.912889	-0.00707517	0.408148	
0.08	0.08	0.911179	0.00484028	0.411981	
0	-0.07	0.915431	-0.00028797	0.402475	
0.09	0.04	0.91331	-0.00303748	0.407254	
-2.59124e-016	0.03	0.914988	0.000721706	0.40348	
0.1	0.02	0.91496	0.00652593	0.403493	
0.01	-1.04083e-017	0.916439	-0.00368434	0.400158	
0.08	0.07	0.915536	-0.00724863	0.40217	
0.09	-0.06	0.914405	-0.000165611	0.4048	
0.08	-0.01	0.913128	-0.00319623	0.40766	
-3.88361e-016	-0.02	0.914311	-0.00753941	0.404942	
0.09	0.05	0.916665	0.00595507	0.399613	
0.06	0.07	0.915339	0.00258212	0.402676	
0.05	-0.05	0.911226	0.00433924	0.411883	
0.05	-0.09	0.910664	0.00295317	0.413137	
0.09	0.04	0.911535	0.00111089	0.411222	
0.02	0.03	0.915817	0.00674117	0.401539	
0.02	0.05	0.912132	0.000582729	0.409896	
0.04	-0.1	0.912663	-0.000697431	0.408712	
0.08	-0.01	0.914365	-0.00314231	0.404878	
0	0.06	0.911816	0.00218874	0.410593	
0.04	0.04	0.913384	-0.00174793	0.407096	
0.09	-0.05	0.910905	0.00537379	0.41258	
0.01	0.01	0.916801	-0.00797848	0.399265	
0	-0.06	0.915252	0.00620898	0.402835	
0.09	0.09	0.915168	-0.00729479	0.403006	
0.09	-1.04083e-017	0.911987	-0.00131329	0.410217	
0.07	-0.02	0.912828	0.00659657	0.408291	
0.01	-0.06	0.912392	-0.00593902	0.409274	
0.09	-0.05	0.910836	0.00671965	0.412714	
0.09	-0.09	0.912178	0.00560986	0.409756	
0.04	0.1	0.914783	-0.000215456	0.403945	
0.05	0.01	0.911597	0.00515407	0.411053	
0.05	-0.1	0.916204	0.00782495	0.400635	
0.06	0.1	0.911824	0.00201721	0.410575	
0.09	0.08	0.913537	0.0067063	0.4067	
0	0.1	0.913015	0.00529919	0.407891	
0.09	0.02	0.914303	-0.00756518	0.404959	
0.09	-0.01	0.914266	0.00555171	0.405076	
1.29454e-016	0.01	0.915699	0.00632378	0.401814	
0.02	-0.04	0.910547	0.00159853	0.413402	
-1.29454e-016	0.04	0.916633	-0.00806632	0.399649	
1.29454e-016	0.01	0.914299	0.00373875	0.405024	
1.29454e-016	-0.01	0.910867	-0.00468433	0.412672	
0.09	-1.04083e-017	0.912754	0.00640873	0.40846	
0.09	-0.04	0.915719	0.00227839	0.401812	
0.03	0.07	0.915857	0.00421054	0.401482	
0.09	-0.02	0.910346	0.000387778	0.413847	
0.02	-0.01	0.914251	-0.00714266	0.405085	
0.03	-0.1	0.91441	0.00258233	0.40478	
0.04	-0.03	0.910786	-0.0050811	0.412847	
0.05	-0.09	0.915389	0.00705519	0.402509	
0.02	0.1	0.914758	0.00162933	0.403999	
2.59124e-016	0.09	0.911071	0.00067193	0.412249	
0.02	-0.01	0.915003	0.00702496	0.403386	
0.08	-0.04	0.914208	-0.00178438	0.40524	
0.1	-0.08	0.914932	-0.00221303	0.403602	
0.07	-0.04	0.916461	-0.00635136	0.400074	
0.04	-0.06	0.913519	-0.00736717	0.40673	
0.01	0.09	0.914218	0.0066554	0.405169	
0.02	0.09	0.913402	-0.00083761	0.407059	
0.1	-1.04083e-017	0.910927	-0.00248935	0.41256	
0.1	0.01	0.912338	-0.00316777	0.409425	
0.04	-1.04083e-017	0.914427	-0.00264572	0.404742	
0.1	0.07	0.913026	0.000734289	0.4079	
0.05	0.1	0.916919	0.00251157	0.399065	
0.1	0.04	0.916607	0.00541405	0.399753	
0.08	0.06	0.916551	-0.00355614	0.399902	
0.01	0.09	0.91548	-0.00667681	0.402308	
0.07	-0.1	0.916619	0.00361146	0.399746	
0.07	-0.02	0.913072	0.00644296	0.407748	
0.05	-0.03	0.910483	0.00386965	0.413528	
0.01	0.09	0.915128	0.0052442	0.403129	
0.1	-0.07	0.910921	-0.0021594	0.412576	
0.08	-0.05	0.911765	0.00147655	0.410709	
0.03	0.02	0.914793	0.00742224	0.403854	
0.04	0.01	0.916976	0.00393405	0.398923	
0	0.1	0.912448	-0.00355871	0.409177	
0.05	0.05	0.912894	0.0049149	0.408166	
0.01	0.07	0.915832	-0.00788907	0.401485	
0.03	0.07	0.912832	-0.0063022	0.408287	
0.1	0.02	0.915061	-0.00717965	0.403251	
0.07	-0.01	0.912252	-0.00555045	0.409593	
0.04	0.1	0.911897	0.00479561	0.41039	
0.07	0.1	0.915671	-0.00198997	0.401924	
0	-0.06	0.915316	0.00740078	0.402669	
1.29671e-016	0.08	0.91496	0.00465865	0.403519	
0.01	-0.02	0.917027	-0.00673016	0.398769	
0.03	-0.03	0.911971	0.00272738	0.410245	
0.02	0.09	0.91699	-0.0078125	0.398834	
0.09	-0.04	0.913168	0.00288779	0.407572	
0.09	-0.08	0.911162	-0.00723642	0.411984	
0.05	-1.04083e-017	0.912449	-0.0041843	0.409168	
0.05	0.01	0.91315	0.00703115	0.407564	
0.02	0.07	0.914752	-0.00763764	0.403943	
0.03	0.06	0.912962	0.00541183	0.408008	
0.06	-0.06	0.913561	0.00454278	0.406677	
0.01	-0.1	0.911826	-0.00186492	0.410572	
0.06	0.1	0.913585	0.00557432	0.40661	
0.01	0.01	0.914637	0.00579086	0.404234	
0.02	-0.09	0.913345	-0.00694195	0.407128	
0.09	0.1	0.9106	-0.00750992	0.413221	
0.02	-0.09	0.912429	-0.00254812	0.409227	
0.07	-1.04083e-017	0.916361	0.00682609	0.400295	
0.03	-0.03	0.911591	0.00769189	0.411027	
0.02	0.02	0.912522	-0.00465288	0.409001	
0.06	-0.05	0.916481	0.00833799	0.399992	
0.06	-1.04083e-017	0.916763	0.00404805	0.399411	
0.03	0.08	0.913507	0.00107344	0.40682	
0.06	-0.08	0.916925	0.000935353	0.399059	
0.07	0.06	0.916216	-0.00499729	0.400652	
0.03	0.05	0.911032	0.00207121	0.412331	
0.09	0.06	0.910568	0.00479578	0.413332	
0.06	-1.04083e-017	0.914197	0.000104115	0.405271	
0.07	0.09	0.915684	-0.00651791	0.401847	
0.1	0.06	0.91561	0.00559495	0.402028	
0.05	-0.01	0.915874	0.00773209	0.401392	
0.08	0.06	0.910755	-0.00806785	0.412869	
0.01	0.04	0.913636	0.00609253	0.406488	
0.06	0.07	0.912974	-0.00238736	0.40801	
1.29671e-016	0.08	0.910422	-0.00794351	0.413606	
0.01	0.1	0.916015	0.00574905	0.401104	
0.03	0.07	0.910845	-0.00122263	0.412747	
0.07	-0.05	0.910886	-0.00452753	0.412633	
0.07	-0.01	0.913235	-0.00436291	0.407409	
-3.88361e-016	-0.02	0.916207	-0.00406931	0.400685	
0.08	-0.06	0.913621	0.000873417	0.406567	
0.1	-0.07	0.915549	0.00373879	0.402189	
0.02	-0.03	0.915385	-0.00622384	0.402531	
0.07	0.03	0.916956	0.00643029	0.398938	
0.03	0.1	0.916306	0.00541702	0.400442	
0.04	0.1	0.915604	-0.00518621	0.402047	
1.29454e-016	-0.01	0.913636	-0.00482719	0.406505	
0.03	-0.08	0.913723	0.000138387	0.406339	
0.08	0.03	0.911756	0.00590882	0.410689	
0.07	0.04	0.916467	-0.00295808	0.4001	
0.03	0.02	0.913257	0.00455173	0.407358	
0.02	-0.02	0.916298	0.00488693	0.400467	
0.08	0.04	0.916314	0.00131826	0.400459	
0.08	-0.07	0.914919	0.00603118	0.403593	
0	-0.06	0.917064	0.00334277	0.398726	
0.08	-0.03	0.912214	0.00303764	0.409703	
0.06	-0.1	0.916224	0.00380149	0.400648	
0	-0.06	0.915734	0.0019939	0.401781	
0.03	0.03	0.911571	0.00213697	0.411137	
0.07	-0.07	0.913183	-0.00744956	0.407481	
0.05	0.02	0.916735	0.00405608	0.399474	
0	0.1	0.91598	-0.00420444	0.401201	
0.03	0.06	0.916538	0.00423208	0.399925	
-3.88361e-016	-0.05	0.910773	-0.00602084	0.412864	
0.05	-0.09	0.914288	-0.00337151	0.405051	
0.07	-0.09	0.910736	-0.00637328	0.41294	
0.02	0.05	0.915748	0.00319173	0.40174	
0.05	0.08	0.912701	-0.000712117	0.408626	
0.09	0.01	0.91193	0.00481825	0.410317	
-3.88578e-016	-1.04083e-017	0.914218	-0.00303546	0.405212	
0.09	0.1	0.915897	0.00454249	0.401388	
0	0.06	0.916029	0.0026867	0.401103	
0.08	-0.01	0.914696	0.00688096	0.404084	
0.08	-0.04	0.911923	0.00667765	0.410307	
0.06	-0.05	0.911127	0.00362403	0.412109	
0.02	0.08	0.913348	0.00717701	0.407116	
0.08	-0.06	0.912815	0.00364254	0.408358	
0.07	0.01	0.911267	-0.00439563	0.411792	
0.05	-0.1	0.91515	0.00724887	0.403048	
0.03	0.04	0.91178	-0.000902697	0.410677	
0.1	0.04	0.913594	-0.00341796	0.406612	
0.08	-0.05	0.911101	0.00227164	0.412178	
0	-0.06	0.911186	-0.00711837	0.411934	
0.08	-0.08	0.912482	0.00162467	0.409114	
0.07	-0.05	0.916605	-0.00657176	0.399739	
0.03	-0.06	0.912658	-0.00579312	0.408682	
0.04	-0.03	0.911468	4.61024e-005	0.411371	
0.05	-0.09	0.916737	-0.003599	0.399475	
0.07	0.07	0.916663	0.00605078	0.399614	
0.06	0.05	0.914311	-0.00205423	0.405008	
0.03	0.04	0.912219	0.00762002	0.409632	
0.04	-0.04	0.915043	0.00370716	0.403338	
0.09	-0.01	0.912802	-0.00805293	0.408323	
0.08	0.04	0.915375	-0.0078884	0.402525	
0.09	0.1	0.914769	0.000280627	0.403977	
0.06	-0.07	0.915674	0.00219645	0.401915	
0.09	0.09	0.915838	0.00252765	0.40154	
0.02	-0.01	0.914653	-0.00180683	0.404236	
0.08	-0.08	0.915911	-0.00412274	0.401359	
0.1	-1.04083e-017	0.914816	-0.00315619	0.403859	
0.06	0.08	0.916738	-0.00764056	0.399416	
-3.88578e-016	-1.04083e-017	0.912036	-0.00144584	0.410107	
0.01	-0.06	0.912829	0.00239417	0.408335	
0.07	0.08	0.911256	-0.00781056	0.411765	
0.01	-0.04	0.916791	-0.00136677	0.399366	
0.05	-1.04083e-017	0.916275	-0.00207063	0.400545	
0.08	-0.03	0.912336	0.00268069	0.409433	
0.09	0.06	0.913942	0.00208059	0.40584	
0.08	0.06	0.91162	0.00539436	0.410999	
0.07	-0.04	0.916417	0.00225768	0.400218	
0	0.1	0.916082	-0.0048419	0.400961	
0.06	0.07	0.916691	0.00199349	0.399592	
0.09	-0.06	0.911411	0.00350741	0.411483	
0.01	0.07	0.91469	-0.00104576	0.404156	
0.02	0.03	0.911854	-0.0076315	0.410444	
0.08	-0.05	0.914396	0.000898455	0.404819	
0.03	-0.08	0.912336	-0.00641271	0.409392	
0.07	-0.1	0.914155	0.00680348	0.405308	
0.07	-0.07	0.916445	0.00352738	0.400145	
0.07	0.01	0.916691	0.00447787	0.399571	
0.1	-0.1	0.913615	-0.000641243	0.40658	
0.01	0.05	0.912376	-0.000819157	0.409351	
0.06	-0.01	0.911485	0.00771169	0.411261	
1.29671e-016	0.08	0.91523	-0.0024802	0.402924	
0.1	0.03	0.912839	0.00316143	0.408308	
1.29671e-016	0.08	0.912504	-0.00251765	0.409059	
0.03	0.1	0.916291	0.00275173	0.400503	
0.1	0.06	0.913155	-0.00581411	0.40757	
0.03	0.01	0.916691	-0.000739799	0.399596	
0.1	-0.02	0.914127	-0.00360013	0.405412	
0.04	-0.08	0.913443	-0.00449025	0.406941	
0.02	0.03	0.912527	0.00196362	0.409013	
-3.88578e-016	-1.04083e-017	0.913345	-0.00456339	0.407162	
0.03	0.1	0.911252	0.00486833	0.411821	
0.06	0.02	0.911636	-0.00486494	0.410969	
0.02	-0.02	0.910614	-0.00261342	0.41325	
0.02	-0.03	0.914728	0.00815615	0.403989	
0.07	0.04	0.910385	0.00448554	0.413739	
0.07	0.07	0.91221	0.00112808	0.40972	
0.06	-0.04	0.910496	-0.00358531	0.413503	
0.03	-0.09	0.915971	-0.00444909	0.40122	
0.07	0.09	0.91538	0.00663188	0.402537	
0.03	0.06	0.91611	-0.00339287	0.400913	
-2.59124e-016	0.03	0.91187	-0.00836422	0.410394	
0.05	0.01	0.912892	0.000517852	0.4082	
0.09	-0.02	0.916853	0.00097785	0.399224	
0.02	-0.01	0.915818	-0.00569223	0.401553	
0.03	-0.1	0.915274	0.000410924	0.402832	
0.03	-1.04083e-017	0.915939	0.00117144	0.401316	
0.06	0.08	0.910489	-0.00879726	0.413441	
0.07	0.08	0.912311	-0.00397902	0.409478	
0.09	0.06	0.911918	0.00302489	0.410361	
0.06	-0.01	0.913115	0.00500205	0.407672	
0.04	-0.09	0.914009	-0.00694149	0.405635	
0.04	0.03	0.913848	-0.00133568	0.406053	
0.06	0.08	0.913022	-0.00468309	0.407883	
1.29454e-016	-0.01	0.910562	0.00381154	0.413355	
0.06	-0.01	0.916315	0.00437089	0.400435	
0.09	-0.01	0.911891	0.00542671	0.410396	
0.04	0.07	0.916234	-0.00666079	0.400589	
0.07	-0.1	0.916148	0.00173789	0.400836	
0.05	-0.1	0.914517	-0.00059272	0.404548	
0.02	-0.04	0.911575	0.00696287	0.411074	
0.05	0.05	0.912949	-0.00462372	0.408048	
0.05	-0.03	0.913532	-0.00515001	0.406734	
0.1	-0.01	0.910349	-0.00492832	0.413813	
-3.88361e-016	-0.05	0.916323	0.00560745	0.4004	
-1.29454e-016	0.04	0.912764	0.00456189	0.408461	
0.03	0.07	0.914638	-0.00665086	0.404219	
0.08	-0.02	0.912406	0.00380542	0.40927	
0.1	-0.01	0.913644	0.00746177	0.406446	
0.04	0.09	0.910486	-0.00343861	0.413525	
0.04	-0.04	0.913946	-0.00115287	0.405834	
0.04	-0.06	0.913614	0.00338015	0.406569	
0.05	0.01	0.915198	-0.00516717	0.402971	
0.04	0.06	0.912766	0.00562904	0.408443	
0.01	0.08	0.911462	0.00564401	0.411346	
0.06	0.1	0.912318	-0.00799632	0.409404	
0.1	-0.07	0.912628	0.00857813	0.4087	
0.02	-0.08	0.915644	0.00728857	0.401925	
0.07	-0.05	0.913929	0.00308154	0.405863	
-3.88361e-016	0.02	0.910677	0.00233051	0.413112	
0.05	-0.03	0.914883	0.00129562	0.403716	
0.05	0.06	0.91159	0.00430648	0.411079	
0.1	0.03	0.913165	-0.0067391	0.407535	
0.07	-0.04	0.915288	0.000973462	0.402799	
0.09	-0.09	0.91209	-0.00714689	0.409928	
0.07	-0.08	0.912296	0.000654465	0.409532	
0.03	-0.03	0.915016	-0.00629388	0.403369	
0	0.1	0.915775	-0.00466608	0.401665	
0.03	0.01	0.914257	0.00294617	0.405124	
0.04	-1.04083e-017	0.912729	0.00563045	0.408528	
0.09	0.04	0.910792	-0.00588493	0.412824	
0.1	-0.09	0.915771	0.00391678	0.401681	
0.03	-1.04083e-017	0.912934	0.00151391	0.408103	
0.05	-0.02	0.910714	-0.00282117	0.413029	
0.06	0.06	0.916021	-0.00340853	0.401115	
0.04	0.04	0.913298	0.00747962	0.407223	
0.02	0.1	0.913687	-0.000785849	0.406418	
0.06	0.04	0.914349	-0.00263268	0.404918	
0.01	-1.04083e-017	0.910976	-0.00497342	0.41243	
0.02	0.01	0.914205	-0.00683591	0.405194	
0.06	0.04	0.913957	0.0071686	0.405747	
0.07	-0.05	0.916034	-0.00228649	0.401093	
0.08	0.07	0.913713	0.00499224	0.406329	
0.06	-0.08	0.916583	0.00594918	0.3998	
0.03	-0.06	0.913615	-0.00352738	0.406564	
0.04	-0.09	0.914798	0.000561511	0.403911	
0.05	0.06	0.913087	0.000690888	0.407763	
0.04	-0.03	0.913672	-0.00445129	0.406428	
0.08	0.01	0.915029	0.00789873	0.403311	
0.06	-0.06	0.915519	0.00122409	0.402274	
0.03	-0.06	0.91265	0.00695388	0.408682	
0.05	0.04	0.911194	9.66959e-006	0.411978	
0.01	-0.02	0.913448	-0.00394225	0.406936	
0.01	-1.04083e-017	0.910792	0.00322226	0.412853	
0.06	-0.07	0.912009	-0.00245461	0.410163	
0.06	-0.05	0.910273	-0.00737422	0.413943	
0.09	-0.05	0.912357	0.00268177	0.409386	
0.09	-0.01	0.916246	0.000301261	0.400615	
0.01	-0.03	0.916215	0.000580052	0.400686	
0.02	-0.09	0.912019	-0.00699442	0.410089	
0.06	-1.04083e-017	0.910596	0.00524728	0.413264	
-3.88361e-016	0.05	0.914809	0.00598369	0.403842	
0.08	-0.06	0.916814	0.00804587	0.399234	
0.07	0.05	0.912711	0.00485795	0.408577	
0.01	0.05	0.912838	-0.000254849	0.408322	
0.1	0.02	0.913217	0.00509707	0.407443	
0.08	-0.07	0.911438	-0.00033067	0.411438	
0.08	-0.03	0.913769	0.00308104	0.406223	
1.29454e-016	0.01	0.914444	-0.00792299	0.404635	
0.01	0.08	0.914535	0.00161747	0.404504	
0.02	0.02	0.915809	0.00327764	0.401602	
0.09	-0.04	0.913112	0.00490832	0.40768	
0.02	-0.06	0.915356	-0.00597674	0.402601	
0.1	0.01	0.915868	-0.00733206	0.401414	
0.02	-0.07	0.914725	0.00529518	0.404043	
0.09	-0.1	0.912602	-0.00328051	0.408836	
0	0.07	0.912253	0.00612774	0.409582	
0.01	-0.08	0.917007	-0.00342797	0.398857	
0.06	-1.04083e-017	0.910517	0.00299493	0.413462	
0.02	0.07	0.914251	-0.00730088	0.405081	
0.04	-1.04083e-017	0.912239	-0.00577476	0.409618	
0.01	-0.04	0.913094	-0.00725879	0.407686	
0.09	0.09	0.911326	-0.00198761	0.411681	
-3.88361e-016	0.02	0.916082	0.0019581	0.400985	
0.01	0.06	0.913259	0.00420023	0.407358	
0.07	-0.07	0.911915	-0.00698121	0.41032	
0.03	-0.08	0.913373	-0.00746757	0.407055	
0.02	-0.04	0.912726	-0.00308278	0.408561	
0.03	0.03	0.913464	0.00426113	0.406898	
0.04	0.06	0.916315	0.00385003	0.400441	
0.02	0.08	0.915767	-0.00703983	0.401649	
0.06	0.05	0.915175	0.00147582	0.403054	
0.09	-0.02	0.911048	-0.00299374	0.41229	
0.06	-0.09	0.910736	0.0067361	0.412935	
-3.88361e-016	-0.02	0.913288	-0.00782178	0.407238	
0.07	0.07	0.910644	-0.00163658	0.413188	
0.01	0.05	0.91588	-0.00805217	0.401372	
0.03	-1.04083e-017	0.916376	-0.00307929	0.400306	
0.08	-0.08	0.913977	0.00206569	0.40576	
0.03	-0.1	0.915479	-0.00118584	0.402365	
0.01	-0.03	0.912493	-0.0037909	0.409074	
0.08	-0.04	0.913584	-0.00778294	0.406576	
0.06	-0.06	0.913318	-0.000232523	0.407248	
-3.88578e-016	-1.04083e-017	0.91068	-0.00436586	0.41309	
0.07	0.07	0.910294	0.00342892	0.413948	
0.1	-0.01	0.91594	-0.000211001	0.401314	
0.09	-0.02	0.910862	0.00207205	0.412706	
0.07	0.06	0.910352	0.00694813	0.413776	
0.08	-0.1	0.914803	-0.0063831	0.403849	
-1.29454e-016	-0.04	0.91522	0.00679861	0.402896	
0.02	0.05	0.911407	0.00754367	0.411438	
0.03	0.06	0.91127	0.00169256	0.411806	
0.04	-0.02	0.910935	0.0073098	0.412484	
0.01	0.1	0.914744	-0.00645191	0.403981	
0.05	-0.08	0.914443	0.00330945	0.404702	
0.07	-0.05	0.915857	0.00487147	0.401476	
0.1	0.03	0.916254	-0.0011108	0.400595	
0.06	-0.09	0.911427	0.00670455	0.411408	
0.06	-0.01	0.912688	0.00385715	0.408639	
0.07	0.06	0.91191	-0.000424056	0.41039	
-1.29454e-016	0.04	0.915447	0.0016694	0.402435	
1.29454e-016	0.01	0.914143	0.0022372	0.405386	
0.05	0.01	0.914366	-0.000901678	0.404888	
0.06	0.01	0.912797	-0.00513079	0.408382	
0.09	0.06	0.915151	-0.00383747	0.403094	
0.07	-0.03	0.913406	0.00477891	0.407021	
0.07	0.07	0.913492	-0.00136371	0.406855	
0.06	-0.07	0.913109	-0.00341249	0.407702	
0.01	-0.02	0.915654	-0.00296336	0.401956	
0.01	0.07	0.916525	-0.00406738	0.399957	
0.08	0.07	0.914797	-0.00527806	0.40388	
0.08	0.05	0.913421	0.00162895	0.407014	
0.05	0.01	0.91509	0.00474565	0.403223	
0.01	-0.06	0.911927	0.00645079	0.410302	
0.06	-0.1	0.915652	-0.00670104	0.401916	
0.02	-0.06	0.91186	0.00481471	0.410474	
0.01	-0.02	0.915897	0.00187763	0.40141	
0.01	-0.03	0.912174	-0.00273491	0.409795	
0.06	-0.05	0.912033	-0.00151543	0.410113	
0.1	0.09	0.912048	0.00112365	0.410082	
0.01	-0.02	0.912037	-0.00197049	0.410104	
0.07	-1.04083e-017	0.912961	-0.000526884	0.408047	
0.06	-0.04	0.912037	-0.00494879	0.410078	
0.08	0.07	0.914561	-0.00563904	0.404408	
0.02	0.04	0.913146	0.00316452	0.40762	
0.08	0.03	0.914681	-0.00766576	0.404103	
0.05	-0.05	0.913709	0.00676297	0.406312	
0.05	0.07	0.913961	-0.00742451	0.405733	
0.05	0.09	0.910393	0.00452588	0.413719	
0.08	-1.04083e-017	0.911537	0.00631043	0.41117	
0.05	0.06	0.910391	0.00246595	0.413741	
0.03	-0.1	0.914022	0.0053759	0.405629	
0.09	0.04	0.912857	-0.00542389	0.408244	
0.07	0.03	0.916129	0.00324325	0.40087	
0.08	-0.06	0.913953	0.00104264	0.405819	
0.09	-0.02	0.915171	0.0022348	0.40306	
0.08	-0.1	0.916932	-0.00542797	0.399007	
0.05	0.08	0.912485	-0.00545678	0.409073	
0.02	-0.06	0.911373	-0.00601924	0.411538	
0.07	0.05	0.912497	-0.00437082	0.40906	
-3.88361e-016	-0.05	0.912503	0.0022144	0.409063	
0.08	0.03	0.916855	-0.00317718	0.399208	
0.07	0.06	0.913251	-0.00468952	0.407371	
0.01	0.1	0.916612	-0.00510427	0.399746	
0.02	0.09	0.912586	-0.005564	0.408848	
0.09	0.01	0.912422	-0.00727897	0.409186	
0.08	0.05	0.915011	0.0050249	0.403399	
0.1	-0.02	0.91284	0.00680855	0.408261	
0.08	-0.01	0.913858	0.00343864	0.40602	
0.03	-0.09	0.911984	-0.000955259	0.410224	
0.09	-0.01	0.912819	-0.00793486	0.408288	
0.06	0.04	0.916706	0.00535122	0.399526	
0.03	-0.1	0.916943	-0.00200487	0.399013	
0.04	0.02	0.91639	-0.00372407	0.40027	
0.06	0.08	0.911342	0.00315219	0.411637	
0.06	0.05	0.911539	0.000381767	0.411213	
0.05	-0.04	0.915977	-0.000119548	0.401232	
0.04	-0.08	0.911153	-0.00699576	0.412009	
0.08	-0.01	0.916363	-0.000426338	0.400347	
-3.88361e-016	-0.05	0.913209	8.89569e-005	0.407491	
0.06	0.05	0.916047	-0.00411607	0.401049	
0.1	-0.06	0.915348	-0.00292361	0.402654	
0.07	-0.06	0.916825	-0.00674573	0.399232	
0.03	-1.04083e-017	0.914819	-0.00309843	0.403853	
0.01	0.08	0.912705	0.00369698	0.408602	
0.05	-0.01	0.913842	0.00564187	0.40603	
0.06	0.08	0.910802	0.00197443	0.412839	
0.06	0.02	0.915318	0.00098378	0.40273	
0.06	-0.01	0.912903	0.00412253	0.408155	
0.08	0.05	0.915792	0.00734962	0.401585	
0.09	-0.1	0.911652	0.00309065	0.410951	
0.09	0.03	0.915053	-0.00719504	0.403269	
0.02	-0.06	0.911207	-0.00111744	0.411947	
0.07	0.09	0.916774	5.21526e-005	0.399406	
0.09	0.1	0.910465	0.00388418	0.413568	
0.07	0.05	0.915895	0.000731538	0.401417	
0.1	0.01	0.914172	0.00307875	0.405316	
0.09	-0.04	0.915322	-0.00153173	0.402719	
0	0.07	0.914723	0.00302044	0.404071	
0.02	-0.07	0.913505	0.00310446	0.406815	
0.02	0.09	0.914679	0.00217729	0.404176	
0.07	0.06	0.910786	-0.000266394	0.412879	
0	-0.07	0.912991	0.00731908	0.407915	
0.04	-0.1	0.914519	-0.00545291	0.404506	
0.06	0.07	0.915037	0.00284917	0.403359	
0.1	-0.04	0.913823	-0.00151775	0.40611	
-2.59124e-016	-0.03	0.911991	-0.00185285	0.410206	
0.06	0.05	0.91273	0.00741905	0.408496	
0.03	-0.01	0.915489	0.00507955	0.402311	
0.09	0.03	0.915144	0.00356496	0.40311	
0.06	0.03	0.91044	0.00544085	0.413605	
0.08	-1.04083e-017	0.910872	0.000777729	0.412688	
0.05	-0.03	0.913202	0.00209197	0.407501	
0.02	-0.08	0.911236	0.00785127	0.411809	
0.02	0.02	0.91458	-0.000896775	0.404403	
0.07	0.05	0.911242	-0.00316157	0.41186	
0.04	-0.05	0.915188	0.00170834	0.403023	
0.07	-0.03	0.912291	-0.00385253	0.409525	
2.59124e-016	0.09	0.916789	0.00447077	0.399347	
0.05	0.03	0.913721	-0.00265491	0.406333	
0.03	-0.06	0.91369	0.00402139	0.406393	
0.08	0.08	0.911291	-0.00178908	0.411759	
0.01	-0.08	0.916863	-0.000517985	0.399203	
0.05	-0.03	0.913015	0.00608904	0.407882	
0.03	0.04	0.910449	0.00306167	0.413609	
0.01	-0.03	0.913123	-0.0019409	0.407679	
0.08	-0.09	0.911773	-0.00273396	0.410686	
0.02	-1.04083e-017	0.914732	7.9821e-005	0.404061	
0.05	0.02	0.910922	0.00648413	0.412528	
0.04	-0.02	0.913618	0.00575434	0.406533	
0.07	0.01	0.91289	-0.0076241	0.408135	
0.08	0.03	0.911068	0.0074713	0.412189	
0.05	-0.07	0.915353	0.005801	0.40261	
0.06	0.03	0.914264	0.00417393	0.405098	
0.08	-0.03	0.910551	0.00709071	0.413336	
0.02	0.04	0.91296	0.0018269	0.408045	
0.05	-0.1	0.91496	-0.00145803	0.403542	
0.1	0.09	0.910393	-0.00560906	0.413707	
0.1	-0.06	0.913594	-0.000285838	0.406627	
0.1	-0.03	0.910259	-0.00211873	0.414034	
0.05	0.05	0.916783	-0.0072084	0.39932	
0.03	-0.06	0.916924	-0.00593847	0.399018	
0.02	0.04	0.915816	-0.00754108	0.401528	
0.04	-0.03	0.912589	-0.00582453	0.408838	
0.05	0.03	0.912464	-0.00750767	0.409088	
0.05	0.1	0.915151	0.00654357	0.403059	
-1.29454e-016	0.04	0.914123	-0.0061984	0.40539	
0.02	-0.02	0.913636	-0.00743851	0.406465	
-1.29454e-016	0.04	0.913652	-0.000821253	0.406497	
0.03	-1.04083e-017	0.91343	0.00186915	0.406992	
0.04	0.07	0.914566	-0.00383489	0.404418	
0.08	0.1	0.91149	-0.00818804	0.41124	
0.03	-0.1	0.911441	-0.0069937	0.411372	
0.08	0.1	0.916552	-0.00655873	0.399862	
0.01	0.06	0.915057	-0.00388266	0.403306	
0.02	0.1	0.912426	-0.00285383	0.409231	
0.06	0.03	0.913978	0.00781796	0.405688	
-3.88361e-016	0.05	0.91397	0.000537586	0.405782	
0.1	-0.01	0.913882	-0.00631668	0.405931	
1.29671e-016	0.08	0.910754	-0.00248687	0.412941	
0.04	-0.1	0.913796	-0.00519936	0.406141	
0.01	-0.07	0.910705	0.0043321	0.413034	
0.02	-0.08	0.913662	0.00356804	0.406459	
0.03	0.09	0.914264	0.00115449	0.405117	
0.08	0.05	0.91306	0.00390726	0.407806	
0.07	0.06	0.913531	0.00649086	0.406716	
0.08	-1.04083e-017	0.912954	-0.00113	0.40806	
0.05	0.1	0.91339	0.000132884	0.407086	
0.1	0.08	0.916236	0.00174794	0.400634	
0.06	0.1	0.916211	-0.00800509	0.400616	
0.06	0.04	0.914705	0.00651148	0.40407	
0.1	-0.09	0.912527	-0.00271465	0.409008	
0.01	-1.04083e-017	0.91124	-0.00302746	0.411864	
0.08	-0.06	0.915457	0.00432351	0.402392	
0.05	-0.06	0.915755	0.00555272	0.4017	
0.07	-0.09	0.913815	0.00595918	0.406086	
0.06	0.02	0.914017	-0.00230508	0.40567	
0.1	-0.02	0.914787	-0.00494662	0.403906	
0.08	0.04	0.91484	-0.00571304	0.403775	
1.29671e-016	0.08	0.912272	0.00445852	0.40956	
0.06	-0.06	0.915865	-0.0062945	0.401437	
0.1	-0.05	0.91576	0.00582569	0.401684	
0.01	0.08	0.916366	-0.00805557	0.400261	
1.29454e-016	0.01	0.916704	-0.00766692	0.399493	
0.02	0.06	0.91674	0.00585054	0.399442	
0.07	-0.1	0.912947	0.00832707	0.407993	
0.03	-0.04	0.913228	0.00613572	0.407403	
0.06	0.02	0.912521	-0.005647	0.408992	
0.09	-0.03	0.91668	-0.00237789	0.399616	
0.09	-0.07	0.915735	-0.0021914	0.401777	
0.09	-0.03	0.915831	-0.00234105	0.401557	
0.1	0.02	0.911893	0.00133974	0.410426	
0.07	-0.06	0.915315	-0.00414936	0.402717	
0.07	-0.08	0.912184	-0.00648746	0.409729	
0.05	0.08	0.914377	0.00665725	0.404809	
0.05	-0.06	0.916954	0.0030909	0.398981	
0.07	0.02	0.911443	0.000940053	0.411425	
0	0.1	0.910567	0.00226654	0.413355	
0.08	-0.1	0.911706	0.00701513	0.410784	
0.02	-0.07	0.914367	0.00323672	0.404873	
0.1	0.06	0.910999	-0.00334224	0.412394	
0.02	0.06	0.911562	0.00597849	0.411119	
0.08	-0.07	0.915791	-0.00744989	0.401585	
0.04	-0.05	0.915224	0.00582817	0.402902	
0.1	0.07	0.913897	0.00549232	0.405909	
0.05	0.1	0.914026	0.00704744	0.405594	
1.29454e-016	-0.01	0.917006	0.00608185	0.398826	
0.04	0.07	0.911601	0.00692091	0.411018	
-1.29454e-016	-0.04	0.916395	0.00117529	0.400274	
0.07	-0.09	0.911842	0.00457149	0.410515	
0.04	-0.07	0.911178	-0.00436489	0.411989	
0.07	0.05	0.911774	-0.00572842	0.410651	
0.01	0.07	0.910429	0.00394862	0.413646	
0.03	-0.04	0.913236	-0.000799063	0.40743	
0.01	0.02	0.913489	0.000206967	0.406863	
0.08	-0.09	0.915052	-0.00672538	0.403279	
0.1	0.08	0.911261	0.00371561	0.411813	
0.06	0.04	0.914205	-0.003853	0.405234	
0.09	0.08	0.911438	-0.00126211	0.411435	
0.05	-0.07	0.913729	0.00627517	0.406277	
0.09	-0.06	0.915479	0.00430346	0.402342	
0.05	0.08	0.91526	0.00451997	0.402838	
0.05	0.04	0.912016	0.00642269	0.410105	
0.08	0.1	0.916522	0.00524949	0.399949	
0.09	0.06	0.913298	0.00420251	0.407271	
0.06	-1.04083e-017	0.91271	0.00567682	0.408568	
0.04	-0.07	0.914579	-0.0032309	0.404396	
0.09	0.04	0.914385	0.00519607	0.404812	
0.09	0.02	0.912335	0.00201996	0.40944	
0.03	0.05	0.9132	-0.000374462	0.407511	
0.08	-0.08	0.913501	0.00115298	0.406836	
0.06	-0.1	0.910389	-0.00731045	0.413688	
0.02	0.05	0.916331	0.00418106	0.4004	
0.09	0.05	0.910821	-0.000332924	0.412802	
0.05	0.02	0.912383	0.00298323	0.409326	
0.02	0.07	0.915105	0.00696157	0.403154	
0	-0.07	0.912233	-0.00662057	0.409618	
0.04	0.01	0.914697	0.000345779	0.404141	
0.07	0.02	0.913524	0.00506232	0.406753	
0.04	-0.02	0.913123	-0.00753263	0.407614	
0.1	-0.1	0.910925	-0.00448451	0.412547	
0.02	0.09	0.911408	-0.00775412	0.411431	
0.09	-0.06	0.914506	-0.00175184	0.404567	
0.02	-0.01	0.915961	-0.00628001	0.401217	
0.03	-0.1	0.912892	0.00190204	0.408196	
0.04	-0.08	0.91195	0.00861073	0.410211	
0.09	-1.04083e-017	0.916641	-0.00519562	0.399679	
0.02	0.08	0.912355	-0.00253793	0.409393	
0.1	0.04	0.913765	-0.00715216	0.40618	
0.08	0.01	0.91656	0.00570546	0.399857	
0.1	-0.04	0.910959	-0.0074407	0.412431	
0.04	0.08	0.916977	0.00162983	0.398937	
0.1	-0.01	0.911003	-0.00325952	0.412388	
0.08	-0.1	0.91151	-0.00715946	0.411215	
0.02	-0.03	0.912596	0.00716672	0.4088	
0.09	-1.04083e-017	0.916861	0.0019817	0.399202	
0.01	-0.02	0.912246	-0.00330203	0.409629	
0.06	0.02	0.91624	0.00547489	0.400593	
0.03	-0.02	0.91656	0.0047011	0.399869	
0.07	-0.06	0.915074	0.00250827	0.403278	
0.01	0.01	0.910759	-0.00624811	0.412891	
0.08	0.08	0.916564	0.000662879	0.399887	
0.01	0.09	0.915025	-0.00652589	0.403343	
0.04	-0.08	0.916262	0.00599473	0.400534	
0.06	-1.04083e-017	0.910673	0.00668804	0.413074	
0.1	0.05	0.911071	0.00378888	0.412233	
0.04	-0.1	0.915124	0.00149224	0.40317	
0.04	-0.07	0.91048	-0.00465902	0.413527	
0.01	0.1	0.91677	-0.00187269	0.399411	
0.05	0.05	0.915836	0.00591971	0.40151	
0.05	0.04	0.914702	0.000439672	0.40413	
0.06	0.04	0.916707	-0.00430193	0.399536	
-1.29454e-016	-0.04	0.916544	-0.00178699	0.399931	
0.01	-0.02	0.915609	-0.00467296	0.402044	
0.1	-0.08	0.913234	0.00351879	0.407421	
0.02	0.05	0.910621	0.00743406	0.413177	
0.09	0.02	0.912166	-0.00193305	0.409815	
0.01	0.08	0.915343	0.00396164	0.402656	
0.09	-0.03	0.913255	0.00716899	0.407325	
0.08	-0.08	0.910792	-0.0037865	0.412848	
0.07	-0.01	0.914103	0.00144405	0.405481	
0.05	0.07	0.91126	0.005421	0.411796	
0.06	-0.1	0.915263	-0.00697064	0.402797	
0.09	0.06	0.910749	0.00341156	0.412946	
0.07	0.09	0.916011	0.00155541	0.40115	
0.03	-0.02	0.915319	0.00231392	0.402722	
0.07	0.1	0.911575	0.00401339	0.411115	
0.02	-0.04	0.91628	-0.0036425	0.400522	
0.01	-0.09	0.915307	0.000464546	0.402757	
0.1	-0.01	0.913099	0.00699048	0.407677	
0	-0.07	0.910802	-0.000593086	0.412844	
0.04	0.01	0.912902	-0.00596554	0.408134	
-3.88361e-016	-0.02	0.914212	0.00273648	0.405228	
0.05	-0.06	0.9141	0.000942274	0.405489	
2.59124e-016	0.09	0.912769	-0.00452923	0.40845	
0.03	0.08	0.912663	0.00676206	0.408658	
0.09	-0.07	0.910956	0.00814426	0.412424	
0.1	0.08	0.910739	0.000188731	0.412982	
0.05	0.07	0.912344	-0.00800011	0.409347	
0.04	0.02	0.911936	0.00688042	0.410276	
0.1	-0.1	0.913589	0.000575203	0.406639	
0.02	0.04	0.912932	-0.00239608	0.408105	
0.01	-0.07	0.910971	3.07755e-005	0.41247	
0.08	-0.07	0.91048	0.00193137	0.413548	
0.05	-0.09	0.914331	-0.00675587	0.404911	
0.04	-1.04083e-017	0.915403	0.000696525	0.402537	
0.01	-0.01	0.916983	0.00400394	0.398906	
0.03	-0.05	0.915845	-0.00665915	0.401476	
0.06	-0.1	0.91572	0.00788451	0.40174	
0.09	0.09	0.91115	-0.00368058	0.412058	
0.01	-0.01	0.916694	-0.00693619	0.399529	
0.07	-1.04083e-017	0.913037	0.000847407	0.407877	
0.1	-0.1	0.914397	0.00558883	0.404781	
0.02	-0.04	0.910761	-0.00664776	0.41288	
0.04	-0.09	0.911227	0.0038989	0.411886	
0.08	-0.03	0.914015	0.00174477	0.405676	
0.04	0.06	0.913202	0.0004749	0.407508	
0.02	-0.04	0.915495	0.00239187	0.402321	
0.01	0.1	0.91257	0.00477914	0.408892	
0.09	0.03	0.912234	0.000299514	0.409668	
0.05	-0.05	0.914209	0.00179474	0.40524	
0.01	-0.1	0.916629	-0.0036734	0.399723	
0.07	0.05	0.910562	-0.00147619	0.413369	
0.09	-0.05	0.914494	-0.00125474	0.404598	
0.05	0.04	0.910747	0.00221988	0.412958	
-3.88361e-016	0.02	0.914023	-0.00295854	0.405652	
0.08	0.07	0.910998	-0.00688446	0.412353	
-3.88578e-016	-1.04083e-017	0.912848	-0.00533548	0.408265	
0.04	-0.01	0.913808	-0.00184413	0.406142	
0.01	0.05	0.91268	-0.00211752	0.40867	
0.03	-0.08	0.913317	0.00484945	0.407221	
0.02	0.07	0.912856	0.00695281	0.408223	
-3.88361e-016	-0.05	0.914981	-0.000826022	0.403495	
0.09	0.03	0.916921	-0.00388056	0.399049	
0	0.06	0.916031	0.00190161	0.401102	
0.04	0.04	0.911093	-0.00700699	0.412141	
0.1	-0.01	0.911587	0.00801187	0.411029	
0.1	-0.07	0.916608	0.000772265	0.399785	
0.01	0.01	0.91383	0.0024035	0.40609	
0.05	0.08	0.911771	0.00648747	0.410647	
0.05	0.04	0.914471	-0.00668898	0.404597	
0.09	-0.03	0.91391	0.0055289	0.405878	
0.02	-0.04	0.910799	-0.000109191	0.412851	
-3.88361e-016	-0.05	0.916194	-0.00651662	0.400682	
0.1	0.03	0.911756	-0.00591108	0.410689	
0.03	-0.02	0.916912	-0.0030471	0.399078	
0.04	-0.07	0.914948	-0.00696934	0.403511	
0.06	0.05	0.914975	0.0042094	0.403488	
0.06	-0.09	0.914905	0.00446514	0.403645	
0.05	-0.06	0.914307	-0.00218082	0.405016	
0.05	-0.05	0.911972	-0.00102967	0.41025	
0.09	-1.04083e-017	0.911695	0.00355314	0.410852	
0.02	-0.01	0.913865	-0.00179567	0.406013	
0.06	0.04	0.912701	0.000387289	0.408628	
0.07	-0.03	0.910495	0.00219662	0.413515	
0.1	0.06	0.911763	0.00492591	0.410688	
0.08	-0.06	0.911539	0.00630302	0.411166	
0.06	0.01	0.914569	0.00227957	0.404422	
0.09	-0.03	0.914924	0.00119935	0.403625	
0.1	0.01	0.916009	-0.00226838	0.401151	
0.03	-0.02	0.915219	-0.000600391	0.402956	
0.09	-0.06	0.916689	-0.00638988	0.39955	
0.03	0.03	0.913421	0.00600905	0.406971	
0.1	0.1	0.916548	0.00155842	0.399922	
0.02	-0.03	0.916777	-0.0069304	0.399339	
0.01	-0.05	0.910352	0.00721461	0.413772	
0.01	-0.06	0.915346	-0.000570584	0.402668	
0.01	-0.09	0.916443	-0.00558238	0.400126	
0.04	-0.01	0.912752	-0.00318812	0.408502	
0.06	0.01	0.91582	0.0073287	0.401522	
0.09	-0.01	0.915201	-0.00155664	0.402995	
0.04	-1.04083e-017	0.912625	0.00454157	0.408772	
0.1	0.05	0.914644	0.00331486	0.404246	
0.07	0.1	0.912181	-0.00571904	0.409747	
0.04	0.1	0.911884	0.00579633	0.410408	
0.09	-0.02	0.913422	0.00134289	0.407012	
0.08	-0.06	0.910423	0.00242641	0.413671	
0.04	0.07	0.913176	-0.00193649	0.407561	
0.02	-0.03	0.916078	0.00534693	0.400964	
0.06	0.03	0.915815	0.00385827	0.401581	
0.06	-0.01	0.912669	0.003836	0.408682	
0.03	-0.1	0.914506	-0.00174771	0.404568	
0.04	0.1	0.910433	-0.00808608	0.413577	
0.09	-0.02	0.913448	-0.00169512	0.406953	
0.03	0.09	0.911215	7.59682e-005	0.411931	
0.05	-0.01	0.915387	-0.00380449	0.402557	
-3.88578e-016	-1.04083e-017	0.913589	-0.00403104	0.406619	
0.05	-0.03	0.911385	0.000414587	0.411554	
0.1	0.04	0.91473	0.00634966	0.404015	
0.03	-1.04083e-017	0.916778	0.00420288	0.399376	
0.03	0.09	0.913803	-0.00625205	0.406109	
0.05	0.02	0.91616	-0.00436066	0.400788	
2.59124e-016	-0.09	0.914141	0.00545513	0.405361	
0.04	-0.01	0.913983	-0.00620489	0.405706	
0.05	0.06	0.914216	0.00255988	0.405219	
0.1	0.05	0.9135	-0.00233901	0.406832	
0	-0.07	0.912481	-0.000893811	0.409118	
0.08	0.04	0.910258	0.00501133	0.414012	
0.1	0.1	0.913949	-0.00828444	0.405744	
0.1	-0.03	0.914862	-0.00373431	0.403749	
0.09	-0.04	0.914567	0.0065142	0.404382	
0.08	0.03	0.911924	0.000892004	0.410359	
0	0.1	0.91392	-0.00712161	0.405831	
0.03	-0.04	0.910414	0.000869144	0.413697	
0.05	-0.04	0.915846	-0.00217959	0.401524	
0.06	-0.09	0.911427	0.000897074	0.41146	
0.09	-0.03	0.916504	-0.00294674	0.400014	
0.1	0.02	0.914405	-0.00118458	0.404799	
0.09	-0.05	0.914421	0.00186231	0.404759	
0.04	-0.04	0.912362	0.0016519	0.409381	
0.05	0.07	0.912175	0.00110804	0.4098	
0.1	0.01	0.914218	-0.00172121	0.405219	
0.01	0.07	0.916613	-0.00316391	0.399764	
2.59124e-016	0.09	0.913647	-0.00743632	0.406441	
0.05	-0.06	0.910538	-0.00576271	0.413386	
-3.88578e-016	-1.04083e-017	0.91136	0.00261551	0.411602	
0.09	0.02	0.911115	-0.00770427	0.41208	
0.04	0.01	0.91658	-0.00216503	0.399846	
0.08	0.08	0.913907	0.00657027	0.405871	
0.1	0.08	0.910701	0.00451314	0.413041	
0.04	0.07	0.910899	0.00411261	0.412609	
0.01	0.1	0.914978	0.00712787	0.40344	
0.06	0.1	0.913327	0.00497508	0.407197	
0.08	0.06	0.912863	0.00303573	0.408254	
0.08	0.06	0.913724	9.36935e-005	0.406335	
