110.881	-0.629589	3.9845	0.727171
110.275	0.884983	3.986	0.726836
111.571	-0.96204	3.9895	0.726057
111.08	-0.573026	3.9915	0.725612
111.827	-0.203911	3.992	0.725501
112.712	-0.716367	3.995	0.724835
110.968	-0.731767	3.9965	0.724503
112.74	-0.116737	3.9975	0.724282
112.485	-0.894269	4.0005	0.723618
112.642	-0.458612	4.001	0.723508
112.048	-0.620679	4.003	0.723066
112.717	-0.569984	4.0035	0.722956
111.343	-0.447108	4.0045	0.722736
110.703	0.269484	4.0055	0.722516
113.542	-0.106856	4.0055	0.722516
111.201	-0.95748	4.0065	0.722296
111.592	0.742099	4.0075	0.722076
113.594	-0.869988	4.008	0.721966
110.574	-0.671505	4.009	0.721746
114.639	0.516343	4.0095	0.721637
113.195	-0.202896	4.0095	0.721637
114.87	-0.502876	4.011	0.721308
112.35	0.242423	4.0125	0.72098
111.589	0.340214	4.0125	0.72098
113.558	-0.898021	4.013	0.72087
114.033	-0.185428	4.0135	0.720761
111.569	0.930165	4.0145	0.720542
113.041	-0.452151	4.0155	0.720323
111.862	-0.739804	4.0155	0.720323
113.519	0.788886	4.0185	0.719668
111.48	-0.282799	4.0185	0.719668
110.218	0.994202	4.02	0.719341
111.018	-0.608162	4.0205	0.719232
111.283	-0.037095	4.0215	0.719014
112.637	0.341441	4.0225	0.718797
113.609	0.859466	4.0245	0.718362
114.7	0.720414	4.025	0.718253
114.884	0.719158	4.025	0.718253
111.785	0.445417	4.0265	0.717928
112.938	-0.896558	4.0265	0.717928
112.046	0.452998	4.0265	0.717928
112.448	-0.900564	4.0265	0.717928
112.097	0.201247	4.0275	0.717711
110.115	-0.0563356	5.63	0.727978
110.735	-0.881585	5.638	0.726714
110.684	0.318562	5.6445	0.725691
111.528	0.743954	5.648	0.725142
111.392	0.192352	5.6615	0.72303
113.69	-0.542079	5.6625	0.722875
113.469	0.953736	5.672	0.721398
111.678	0.476447	5.6735	0.721165
112.573	-0.598887	5.6735	0.721165
111.576	0.308613	5.674	0.721088
112.816	-0.639868	5.6755	0.720856
111.098	-0.359897	5.681	0.720006
110.829	-0.117058	5.6835	0.71962
112.192	0.837148	5.6855	0.719312
110.961	0.864613	5.6905	0.718542
113.731	0.491099	5.692	0.718312
114.341	0.736222	5.692	0.718312
112.205	0.1769	5.693	0.718159
114.352	0.180256	5.7	0.717086
110.178	-0.00264625	6.8905	0.728613
110.975	0.0406489	6.893	0.728289
110.783	-0.356987	6.9	0.727384
110.961	0.308829	6.902	0.727126
111.57	-0.696062	6.904	0.726869
110.428	0.0790007	6.9045	0.726805
111.214	0.0809163	6.9065	0.726547
110.751	-0.576836	6.9065	0.726547
111.507	0.887593	6.9085	0.72629
110.459	0.707409	6.9105	0.726033
111.608	-0.824662	6.9115	0.725905
111.261	-0.750019	6.9125	0.725776
112.134	0.811091	6.9125	0.725776
110.232	0.214389	6.914	0.725583
110.937	0.777204	6.9155	0.725391
112.078	-0.590111	6.9165	0.725263
110.164	0.124082	6.92	0.724815
111.932	0.197059	6.921	0.724687
110.978	0.839755	6.922	0.724559
111.02	0.875637	6.922	0.724559
112.238	0.822328	6.9235	0.724367
110.79	-0.523542	6.9255	0.724112
111.948	0.657294	6.9275	0.723857
110.239	-0.75725	6.9285	0.723729
112.356	-0.146972	6.929	0.723665
110.951	-0.295341	6.9295	0.723602
111.651	-0.0188562	6.9305	0.723474
112.609	0.694916	6.931	0.72341
113.129	0.479832	6.931	0.72341
113.582	0.461308	6.9315	0.723347
112.017	0.724387	6.932	0.723283
110.325	-0.195244	6.9325	0.723219
110.677	0.261716	6.9325	0.723219
110.472	0.883625	6.9325	0.723219
110.797	0.137618	6.9335	0.723092
113.281	0.739866	6.934	0.723028
110.553	0.16894	6.9345	0.722965
113.527	0.758167	6.935	0.722901
113.05	-0.365272	6.935	0.722901
113.384	-0.380931	6.9355	0.722838
112.185	-0.803022	6.9355	0.722838
110.275	0.525397	6.9355	0.722838
112.91	-0.797982	6.9375	0.722584
111.335	-0.827032	6.938	0.72252
112.929	0.387628	6.9395	0.72233
113.017	0.977552	6.9395	0.72233
110.377	-0.626877	6.9395	0.72233
114.443	0.322194	6.94	0.722266
113.151	0.081887	6.94	0.722266
110.965	-0.0324737	6.94	0.722266
111.759	-0.893163	6.941	0.722139
110.599	0.394929	6.941	0.722139
113.183	0.321502	6.9415	0.722076
112.86	-0.203544	6.942	0.722012
111.155	-0.322963	6.942	0.722012
110.837	-0.571854	6.942	0.722012
111.583	-0.559296	6.9425	0.721949
110.677	0.831934	6.9435	0.721822
113.309	0.728414	6.944	0.721758
113.752	0.689783	6.9445	0.721695
112.117	-0.932212	6.9445	0.721695
113.386	-0.897313	6.9455	0.721568
111.927	0.0401764	6.946	0.721505
113.47	0.963149	6.9465	0.721442
111.692	0.850441	6.9465	0.721442
110.633	-0.613846	6.9465	0.721442
113.57	-0.809328	6.9475	0.721315
111.569	-0.717446	6.9475	0.721315
111.15	-0.233852	6.948	0.721252
111.19	-0.194265	6.949	0.721125
110.871	0.431501	6.949	0.721125
113.195	0.963104	6.95	0.720999
110.475	0.669407	6.95	0.720999
113.98	0.64146	6.951	0.720872
111.833	-0.842755	6.9525	0.720683
112.811	0.35844	6.9525	0.720683
112.36	0.343042	6.9535	0.720557
113.753	-0.0309668	6.9545	0.72043
110.242	-0.131105	6.9545	0.72043
112.944	0.330019	6.955	0.720367
113.089	0.455716	6.9555	0.720304
114.318	-0.331431	6.9555	0.720304
110.78	0.440816	6.9555	0.720304
114.418	-0.885914	6.956	0.720241
112.498	-0.988378	6.956	0.720241
113.487	-0.256362	6.9565	0.720178
113.512	0.687527	6.957	0.720115
113.882	-0.902073	6.957	0.720115
112.579	0.608601	6.957	0.720115
110.398	0.504945	6.957	0.720115
111.611	-0.575963	6.9585	0.719926
114.591	0.836598	6.959	0.719863
113.652	0.67898	6.959	0.719863
112.086	0.491505	6.959	0.719863
112.956	-0.389007	6.9595	0.7198
112.968	-0.76265	6.9595	0.7198
112.566	0.428087	6.961	0.719611
112.846	-0.284507	6.9615	0.719548
114.66	-0.662604	6.963	0.719359
114.971	-0.293765	6.963	0.719359
111.79	-0.73572	6.9635	0.719296
112.264	0.690811	6.964	0.719233
112.245	0.147332	6.964	0.719233
111.572	-0.909906	6.964	0.719233
113.972	0.337046	6.965	0.719108
111.525	0.31337	6.9655	0.719045
110.681	-0.525364	6.966	0.718982
113.545	-0.234886	6.967	0.718856
113.394	0.973511	6.968	0.718731
111.27	-0.841192	6.968	0.718731
111.417	0.250763	6.9685	0.718668
113.97	0.72096	6.969	0.718605
113.108	-0.116338	6.969	0.718605
112.852	0.270846	6.9695	0.718542
113.413	-0.563943	6.9695	0.718542
112.127	0.0350637	6.97	0.71848
113.815	0.585825	6.97	0.71848
111.376	-0.382859	6.97	0.71848
114.603	-0.654261	6.9705	0.718417
114.465	0.542395	6.971	0.718355
114.217	0.305665	6.972	0.718229
113.832	-0.20805	6.972	0.718229
112.566	-0.669038	6.972	0.718229
113.637	-0.632736	6.973	0.718104
112.213	0.211077	6.973	0.718104
114.294	0.823545	6.974	0.717979
112.306	0.201931	6.975	0.717853
114.393	-0.691313	6.9755	0.71779
111.657	-0.727787	6.976	0.717728
114.306	-0.712976	6.9775	0.717541
113.094	-0.579727	6.978	0.717478
113.728	0.939903	6.9785	0.717416
112.904	-0.310935	6.979	0.717353
113.607	0.309419	6.981	0.717103
114.102	-0.124627	6.982	0.716978
112.551	-0.838724	6.982	0.716978
110.374	0.124786	7.949	0.729458
111.204	0.956414	7.97	0.727105
110.555	0.277139	7.991	0.72477
110.269	0.620566	8.001	0.723663
110.732	0.972622	8.0025	0.723498
111.852	-0.361008	8.0035	0.723387
111.804	0.104959	8.007	0.723001
111.693	-0.943874	8.008	0.722891
110.763	-0.974973	8.0165	0.721955
112.551	0.688731	8.0175	0.721846
113.607	0.459227	8.018	0.721791
113.316	-0.275431	8.02	0.721571
110.875	0.339541	8.02	0.721571
112.872	-0.0881658	8.021	0.721462
111.511	-0.683895	8.021	0.721462
113.585	0.171476	8.025	0.721023
113.425	-0.18272	8.0265	0.720859
110.31	0.884478	8.027	0.720803
113.965	-0.730798	8.028	0.720694
111.475	-0.0368849	8.0285	0.72064
111.661	-0.181324	8.034	0.720038
113.827	-0.500456	8.035	0.719929
114.826	0.775753	8.04	0.719383
112.023	-0.487481	8.0415	0.71922
112.957	0.819587	8.0435	0.719003
112.712	-0.19925	8.05	0.718295
112.34	0.266373	8.052	0.718078
113.141	0.596861	8.0545	0.717807
114.74	-0.263681	8.057	0.717536
110.906	-0.229091	8.898	0.728341
110.972	-0.803774	8.913	0.72684
110.843	-0.279361	8.917	0.726441
110.548	0.371315	8.9185	0.726292
111.254	-0.796654	8.9265	0.725495
111.355	-0.495431	8.927	0.725446
110.882	0.0853003	8.9275	0.725396
110.396	0.741207	8.928	0.725347
111.92	0.4079	8.9295	0.725197
110.467	0.979665	8.9305	0.725098
110.645	-0.223337	8.9335	0.7248
112.171	0.554307	8.935	0.724652
110.557	0.0610631	8.935	0.724652
110.113	-0.587543	8.935	0.724652
110.468	0.495461	8.936	0.724553
110.782	0.0467757	8.936	0.724553
110.109	0.795909	8.943	0.72386
110.748	-0.735065	8.945	0.723662
110.035	-0.633514	8.9485	0.723316
111.791	-0.648812	8.949	0.723267
110.384	-0.126239	8.9525	0.722922
110.524	-0.151265	8.954	0.722775
113.023	0.367462	8.9555	0.722626
111.547	0.110742	8.9555	0.722626
112.514	-0.209768	8.958	0.722381
111.846	-0.590974	8.9585	0.722331
114.817	-0.78912	8.9605	0.722135
112.959	0.0145994	8.965	0.721692
114.082	-0.530788	8.968	0.721398
113.088	-0.251928	8.9685	0.721349
112.112	-0.152569	8.9715	0.721055
112.206	-0.137687	8.9715	0.721055
111.037	0.00553895	8.972	0.721006
111.845	-0.873396	8.9735	0.720859
111.493	0.29215	8.976	0.720614
110.645	-0.252595	8.9765	0.720565
110.439	0.966217	8.977	0.720516
110.894	0.306842	8.9795	0.720272
113.927	-0.209001	8.9805	0.720174
111.07	-0.251121	8.9805	0.720174
111.256	0.0509276	8.9845	0.719783
112.696	-0.785482	8.9875	0.71949
113.404	0.188618	8.988	0.719441
114.797	0.0443587	8.9885	0.719393
114.168	-0.158727	8.9905	0.719198
112.127	0.382715	8.991	0.719149
112.448	0.432566	8.991	0.719149
113.229	-0.356499	8.9925	0.719003
111.541	0.336541	8.9925	0.719003
113.259	-0.639544	8.9935	0.718906
113.072	0.933264	8.994	0.718857
113.871	0.477766	8.9945	0.718808
112.265	-0.266944	8.9955	0.718711
112.881	-0.642647	8.999	0.71837
