6.68364
0.573467
1.64352
0.212308
0.536158
0.734264
1.04902
0.109887
0.195024
0.29225
1.74811
0.152083
0.341815
0.666468
1.19077
4.20076
2.39251
1.00939
1.91523
1.79641
0.0115718
0.808157
2.12796
5.36677
4.72045
0.973209
0.631776
0.560074
0.507921
0.498984
1.79439
0.410943
0.796787
1.04381
2.86405
0.49813
0.244246
0.219922
0.654182
1.19752
0.132451
0.319305
0.0451317
0.0772162
0.617414
1.94958
0.772046
1.4468
0.148253
1.56258
0.248933
0.170044
0.00324011
0.00033575
0.491872
0.935408
1.32349
1.21311
0.174212
3.74048
0.978553
2.37924
0.389811
2.8786
4.73425
0.0847279
1.28779
1.29869
0.531214
0.369381
0.177232
0.319557
0.723762
1.58303
0.2961
0.758337
0.781002
0.0522125
0.295156
2.22307
0.512444
0.953932
0.307905
0.496023
0.557939
1.01797
1.88684
1.49122
0.855336
0.219579
0.659539
0.010091
0.28565
1.06262
1.778
0.419634
0.709516
2.75612
0.35705
0.68361
1.91399
0.0517624
1.95495
0.0997205
0.366911
1.19389
0.852039
2.65394
0.0339878
0.381017
1.87582
0.130989
0.196434
0.541231
1.65368
1.72661
0.201909
0.743914
1.8608
0.685365
0.311982
0.902441
1.2745
0.564357
0.382402
0.27994
0.325878
0.74385
2.09544
1.00022
0.180736
3.34969
0.659716
0.411035
0.852827
2.25689
0.0520196
0.0819086
0.598692
1.06138
0.75139
0.980911
0.166108
1.14928
0.785076
1.30239
0.0172065
1.21136
0.302232
0.566936
1.62972
0.272739
0.175048
0.922198
0.691379
0.11638
3.59481
0.00541625
0.557619
2.98565
0.632408
1.63958
0.170767
0.467224
0.419169
1.62027
0.171818
2.09296
2.20796
0.296921
1.15818
0.0607696
1.25151
1.08974
1.96427
0.310524
0.180809
0.345343
0.510459
0.291433
1.37549
1.93468
6.42692
2.79681
0.215407
0.159465
1.55793
2.15761
0.59205
4.25088
2.17358
0.788561
0.284757
0.376693
0.609861
2.60527
0.828494
1.59981
0.362122
1.23669
0.828564
1.4592
0.54844
0.630055
0.464161
1.83141
0.684941
0.0376887
0.36278
0.0782057
1.66104
1.09083
1.72404
0.00486411
0.782136
0.00201619
2.32787
0.46976
2.36031
0.82619
0.0709719
3.02761
0.111387
1.23784
1.48151
0.262608
0.889879
1.59966
0.465133
0.503973
0.79496
0.762842
0.514484
0.454596
0.156927
0.187818
0.470394
0.327274
0.56963
0.980504
1.69138
0.303968
0.58858
0.0997542
1.41527
1.66636
0.503013
0.35884
0.536836
1.04615
0.704318
2.52095
0.300129
0.490974
0.477453
0.369469
0.217529
1.90308
0.551614
0.141902
0.0926313
0.486645
0.31792
3.14162
0.403834
0.023779
1.15517
0.563553
1.18477
1.74916
2.22054
0.140391
0.161113
0.29532
1.86513
1.11809
2.53394
2.56917
0.444787
0.198479
0.606833
0.802422
0.894123
1.20819
0.764545
0.69077
1.87961
1.13001
0.303844
1.15877
0.190362
0.0418169
0.135451
0.321575
1.20381
0.0576612
2.06178
2.72213
0.242145
0.645183
0.494921
0.0449082
2.62741
0.132834
0.424894
1.13285
2.25573
0.683127
1.48245
1.2369
0.0834334
0.595753
0.411311
2.1669
0.708214
0.969903
0.699576
0.23151
0.674822
0.961406
0.373762
0.630858
0.500443
0.928434
5.13452
0.345516
2.29644
0.473134
0.147085
0.710323
0.291269
0.699392
0.96733
0.241639
0.592767
1.02978
0.0453233
0.460721
1.73401
0.982866
2.02782
0.296715
0.0495152
0.491074
3.58157
1.10917
2.88404
0.447552
2.02782
0.166
0.145849
0.516068
0.326258
0.157891
4.22134
2.06779
0.345473
0.482681
1.52528
2.71888
1.77836
0.47147
1.07595
1.14132
1.00089
0.414031
0.220188
0.214612
0.641466
0.492521
0.22545
0.104723
1.93236
0.461786
0.910297
1.37163
1.99117
0.156463
2.71565
0.84911
0.556287
1.19641
0.601417
1.48919
1.16687
2.2016
0.213176
2.00467
1.25793
0.238148
0.110705
0.236214
0.296017
0.485802
1.01856
0.154751
1.47628
0.146697
1.47215
1.38813
0.611772
0.0153144
2.92244
2.50812
0.645008
0.851467
2.35741
1.35174
0.114839
1.45776
1.92042
2.07871
0.0708409
2.52437
3.05572
2.83505
1.08947
0.0891888
0.919822
0.837549
0.0553685
0.177742
0.626966
0.17189
0.365987
0.922121
1.35033
5.44138
0.643265
0.0462817
0.919592
1.42259
0.535219
1.36599
0.379811
0.0563043
0.831293
0.116312
4.93762
0.0608669
0.508276
0.24063
0.550502
1.94894
1.50364
0.959732
5.45557
0.872495
2.49805
0.415649
0.15657
2.73568
0.209444
0.412417
0.368939
0.219807
0.63465
0.377449
1.94658
0.371812
0.317626
0.251402
3.47161
0.140812
0.439279
0.347371
2.45983
0.594259
0.0535316
2.83401
1.29112
1.92984
0.0184181
0.478093
1.23019
0.0807169
1.00097
0.364536
1.52038
1.85845
1.42487
0.651193
0.102861
2.24041
0.102455
0.817098
2.52437
0.245806
1.76152
0.0259691
0.253798
0.138847
1.55764
0.783939
5.58502
0.286869
2.17117
0.904625
1.16755
0.00744341
3.25517
1.37803
1.66458
1.39561
1.87403
0.477552
0.121777
0.0628797
1.63144
0.248933
0.437671
0.42047
0.0952797
0.786482
0.0820079
0.409241
1.89209
0.452051
0.562963
0.862685
0.0586962
0.615154
0.547226
0.622804
1.3654
0.923965
1.04911
3.30713
0.229128
1.62708
2.65524
0.943137
0.526398
2.64616
1.62119
1.85864
0.439563
0.788964
0.50372
0.360501
0.818066
0.379142
0.925042
0.179494
0.523922
1.61152
0.051891
0.132416
0.937277
0.012653
1.68576
0.11016
0.554373
0.816339
0.4663
0.344611
3.00333
1.25333
1.34633
0.897412
0.110603
0.342244
0.316872
0.109785
0.932535
0.922812
0.101104
1.17573
0.946513
0.561143
1.03974
0.309692
0.293927
0.306038
0.301902
1.97103
1.60861
1.29981
0.385045
0.0931001
1.00014
0.658477
2.21297
0.0971613
1.59423
0.657888
0.423402
0.824379
0.374516
2.40325
2.53125
2.57998
3.58266
1.03543
1.18019
0.360589
1.94722
0.929284
2.69059
0.391976
0.321701
1.61596
0.365283
0.485008
0.423308
0.60885
2.31976
0.606329
3.00333
0.0257812
0.767828
0.0305209
0.317668
0.633097
0.385808
0.367043
0.98859
0.945177
2.99659
0.211026
1.77457
2.79981
1.16942
0.242767
1.54899
1.13352
0.724329
4.69343
0.821322
0.677583
0.500997
0.276394
0.913639
1.05042
0.171238
0.0594409
0.472742
0.00275036
2.92869
0.574768
0.146732
0.949979
1.18288
1.25804
3.62298
0.490127
0.938602
3.98375
3.4726
0.785946
0.153256
0.0653527
0.911587
0.318465
0.491722
0.212761
0.133078
0.540288
0.519192
2.53818
0.231741
0.771782
0.526605
0.528622
0.563553
0.203292
0.396412
1.06837
4.58308
1.31937
1.07425
1.46065
0.260072
0.989575
0.139443
2.14685
0.320818
0.463773
0.112138
1.69819
0.624455
0.103166
0.248385
0.0354412
1.62274
0.103673
0.226407
0.0477531
0.163949
0.116175
0.464113
1.68494
0.483028
1.32809
1.38373
0.311732
0.238148
1.76651
0.337058
0.732041
2.50737
0.215028
0.156284
2.08238
1.1794
0.556341
0.748741
0.271777
1.65097
0.317794
0.00501745
4.17662
0.434461
0.368719
1.74793
2.62952
1.29112
0.390667
0.175667
0.585835
0.990972
0.249128
1.45881
0.449081
1.46249
1.58675
0.0294203
1.26678
3.77713
0.26241
1.88503
3.05832
4.68348
1.05391
0.440274
1.06935
0.88056
0.875859
2.40055
0.606665
0.357748
1.08476
0.419309
0.132137
0.624626
0.562106
2.91904
0.764086
1.34715
0.851467
0.146979
0.72037
2.43688
0.569522
0.343362
0.25046
0.145955
0.161902
1.22759
0.145778
0.438664
0.291923
0.188002
0.267103
0.137095
0.0961864
0.0915605
0.650199
0.820628
2.229
1.03845
0.194764
0.849324
1.77296
7.065
0.419401
0.256792
2.75325
2.41002
0.952823
0.37999
0.213705
1.87026
1.94594
3.02698
1.06094
3.98703
0.0218433
0.434461
2.92528
0.0897896
0.450278
0.840021
3.86052
1.41641
0.936653
0.424661
0.246079
3.7798
0.191137
1.97741
0.455317
0.597138
0.0166788
0.769144
1.53813
1.20168
0.245728
1.0714
0.732739
0.497578
2.27781
0.0157174
0.279981
1.89128
0.784407
0.340227
0.00128256
0.25427
0.44374
0.476126
0.055433
0.373762
1.23858
0.567151
1.23658
0.601083
0.339198
1.40068
0.603926
0.708028
0.0491625
0.400776
0.267701
0.472644
0.80802
0.224724
0.293681
0.0111706
1.5866
0.4629
0.0945414
0.525469
0.0851598
0.68216
0.714616
0.799159
0.117306
0.0614833
1.69869
1.37851
1.59453
0.314069
0.0607047
0.469906
3.18565
0.444216
3.36635
0.586384
0.607953
0.80672
2.79082
0.00400582
2.05771
0.509342
2.98868
1.75568
0.415186
1.10133
1.15218
0.425314
0.890325
0.849824
1.5068
0.387875
1.7931
0.698103
0.678004
0.219769
0.832275
5.4
1.08035
0.978472
2.05128
0.189587
0.310233
0.115284
0.441128
0.429901
0.664627
0.309317
0.304961
0.0438873
0.763955
1.01266
2.18763
0.100226
0.196992
0.787957
2.21941
0.139934
0.272659
3.24103
0.875493
0.066037
2.69195
1.80268
1.5546
2.14633
0.525779
2.13413
0.480853
0.544592
0.370662
0.312608
0.0881551
0.400913
1.20901
0.212157
0.972401
0.00253617
0.258134
1.58764
1.76865
0.94612
1.70808
0.543068
1.63159
0.0407037
1.65943
0.963084
1.19077
2.11346
1.61873
3.07404
0.259874
0.2731
0.126684
6.33676
0.801605
0.852469
0.221253
0.773632
0.703516
0.288537
1.43341
0.580913
2.37792
0.0812132
0.112275
0.154324
2.81957
0.711565
0.458836
0.291433
0.279658
1.3636
0.0944408
0.233242
1.61136
0.592712
2.97125
0.649789
0.235287
0.350789
3.72771
0.312357
0.591774
0.0897228
0.132939
0.227019
1.18607
0.929052
0.730076
2.94539
0.427792
7.065
0.263244
0.279496
1.51537
1.86591
2.85552
0.399592
3.42086
1.06173
0.359758
0.225489
0.829543
0.0184803
0.453298
1.2198
0.740324
0.134299
2.53471
2.29281
1.94338
1.94487
0.0855919
1.17533
0.984008
0.206026
3.06549
0.205576
1.42716
0.107744
1.36063
1.31175
1.57018
1.47242
0.167082
0.133741
0.119161
0.168706
0.495522
3.19678
1.75145
1.6942
1.03312
0.800177
1.68708
0.111558
0.473182
0.60454
0.0924974
0.648971
0.31386
0.000702151
0.0311818
0.142254
0.17414
1.91959
0.982458
1.2575
1.76633
0.026627
0.298688
0.333261
3.47752
0.438475
0.207414
0.30666
0.200715
2.08238
0.330072
0.980667
0.431074
0.0883884
0.116929
3.43686
0.256871
0.801061
4.88378
1.47575
0.871181
1.85415
0.0844622
0.689796
1.41527
0.281759
0.0981707
1.54426
3.43876
0.259874
1.47735
0.585945
0.215218
0.160181
1.10381
0.618207
0.00827388
0.14004
0.43564
1.47963
0.207301
0.991465
1.00271
3.35317
0.577537
0.921661
2.12209
1.12417
0.106487
1.60208
0.0617105
2.07895
0.163338
0.112138
0.808431
1.5046
0.454548
0.579714
0.471567
0.858859
4.10564
0.146061
1.96885
1.31903
1.23113
0.383253
0.577265
0.0420715
0.498883
0.237993
0.861095
0.200454
0.301861
1.99677
0.660661
3.908
4.96349
0.289963
1.09703
0.10303
0.77165
0.264118
2.98565
0.460527
3.72265
0.382134
0.0314337
0.692293
0.34763
1.32452
0.195618
0.436017
0.515506
1.33328
0.169357
0.776415
0.290167
1.04528
4.23389
0.74122
0.467663
0.906663
0.958139
3.58927
1.24196
0.516119
0.123468
0.838961
0.0709392
0.959811
0.629025
4.59811
0.0261257
0.144825
0.826888
0.357224
1.09977
0.506957
0.696081
0.580532
3.24416
0.972321
1.45658
0.0647339
0.151408
0.0365802
0.496273
0.537933
2.57116
0.89891
1.18647
0.69602
2.52513
0.13381
1.18987
0.246548
0.0694987
0.530332
1.53147
1.27548
0.57857
0.134229
1.38605
1.19934
0.318675
0.143204
1.465
1.65703
0.805695
0.116175
0.554585
3.54814
0.00480277
2.82625
0.479374
1.35896
1.77296
2.15314
1.46328
0.703454
0.0410534
3.01012
2.53049
1.08576
1.27395
0.662553
0.712249
0.886096
0.0783047
0.509088
1.23051
0.742887
0.912194
0.0499322
0.60086
0.180443
0.230164
0.221101
0.52284
0.139198
1.14553
0.0627823
1.31709
0.0583727
0.330242
2.05866
0.255058
0.748935
1.73782
3.62413
3.17903
0.787957
0.148182
1.9943
4.236
1.54755
0.200267
0.226675
0.248933
0.417825
1.20819
0.246665
0.0817761
0.171854
1.41628
0.695653
3.77182
2.58079
3.47752
1.03226
0.335051
0.89211
1.71247
1.21096
1.70321
0.294541
2.00444
2.8434
0.643207
1.02483
0.214801
1.84002
0.105537
2.02643
3.53236
1.7069
0.200827
1.38947
0.560929
1.05874
0.61634
0.408139
0.138426
0.0698914
0.0563043
2.25195
1.87582
0.583481
0.222854
0.110807
2.62403
0.13664
0.195543
0.946041
0.600081
0.397592
0.796448
1.26808
0.051891
0.0180451
0.317417
0.519551
1.3006
2.02527
1.61981
0.510002
0.718803
1.03475
1.47003
0.737258
0.368498
0.0532741
0.398819
0.0176102
1.43751
0.666408
1.44473
0.107574
0.724959
1.11949
0.620872
0.560768
1.08911
1.05514
1.77656
1.23732
1.51746
0.080353
0.301572
0.214461
0.430135
0.375893
1.30903
0.26547
2.74229
0.326089
0.151941
1.07425
3.11513
0.725085
3.87365
0.17654
0.480458
0.615154
0.504124
0.564465
0.251873
0.446264
0.361377
0.274544
0.141585
1.84523
0.85922
0.240241
3.84327
0.824727
3.16664
0.680652
1.31209
2.68432
1.40714
0.0181384
0.680351
0.485306
2.64487
1.00105
0.0455149
0.150769
1.0863
1.4193
1.23953
2.97663
0.00735117
1.75762
2.67497
1.51357
1.20097
0.239737
0.431403
2.48076
1.33653
1.99162
1.52542
0.575256
1.72455
0.45845
2.23583
0.790308
0.275991
1.09721
2.85765
1.26407
0.364887
0.135556
0.566398
0.141023
2.51075
0.228936
0.000366278
0.454163
0.479916
0.519602
0.522377
1.63864
0.0213755
1.46315
3.16303
1.43111
1.36599
0.899435
0.229511
1.30026
0.105333
0.969098
0.318088
1.57754
2.93845
0.503266
1.03853
1.01822
0.403331
0.0242792
1.49775
0.110092
1.05856
0.0476251
0.407818
1.60117
1.26461
1.0344
0.631145
1.23448
1.51426
2.3065
2.23755
0.343448
0.169863
0.397728
0.199522
5.15546
0.710633
0.503165
0.066885
1.23574
0.501198
0.291841
0.134893
0.091895
0.186235
0.501047
1.18787
0.243078
1.89635
0.611378
0.372476
0.929825
0.00685941
2.28348
0.887726
3.59592
0.374827
1.35139
1.77782
1.47562
1.66603
0.148288
0.270137
3.04477
0.727293
2.87969
0.0395601
2.4652
0.570115
0.0381958
0.55533
0.12939
0.894795
0.908478
0.88314
0.417778
0.194394
0.0564011
1.26191
6.10675
0.484116
3.00703
0.421539
0.862902
0.0466014
0.504276
1.60511
0.881002
1.07721
0.473036
0.212723
5.3283
2.25137
0.930366
1.28426
1.14957
0.193319
0.158427
1.16628
1.62119
0.57152
0.757035
0.00492544
0.836492
0.998398
0.870452
0.954883
0.544014
0.130432
1.08648
0.933001
0.0502209
0.675062
0.870889
0.497126
0.252658
2.48113
1.88926
1.57062
2.43793
1.14803
0.751196
0.463433
1.10032
2.53433
0.486943
1.94615
1.27047
0.192431
0.823127
0.00563106
1.50983
2.23184
0.655886
1.32958
4.91241
0.551243
0.260666
2.23014
0.0313078
0.995834
0.100969
0.650666
1.50213
1.1953
0.737194
1.16922
0.880928
0.268259
0.17247
0.943921
0.849895
0.322755
0.308029
2.39251
2.50438
0.283621
0.166108
0.449751
1.02271
0.744428
2.36031
0.878795
1.66943
1.06971
0.0906245
1.47268
1.17021
1.86907
1.07434
1.7022
1.30093
1.58021
1.75762
1.09283
2.72678
0.68937
0.0370234
0.211666
0.806447
0.091059
1.71892
0.730012
0.750614
0.357792
1.39193
0.0654178
1.28217
1.20554
0.195506
0.198926
0.462222
0.229358
4.93338
1.3434
1.23953
0.0482013
0.151479
0.65889
0.346033
1.36194
0.082273
0.710819
2.3694
0.191211
2.56798
1.26364
0.957503
0.441223
0.663441
0.840445
1.96101
0.0253741
2.59541
5.26141
0.0890887
0.887578
0.280627
1.67316
2.28558
0.860085
0.38873
0.639787
0.193356
0.177742
1.30385
0.694185
0.138777
1.9039
0.0296717
0.619227
1.51108
2.70692
1.5866
1.62089
1.64558
1.61182
0.0442063
0.52176
0.302769
1.22291
0.385943
0.240668
0.0819748
0.0742864
0.169248
1.35103
2.24963
2.7824
0.101205
1.90841
0.11347
1.0233
0.044302
0.963484
1.10427
0.379009
0.119333
0.96733
0.836422
0.393603
1.32017
0.728114
0.638977
0.220606
0.230549
0.292618
0.720182
0.189033
0.581568
1.27734
1.05795
2.91622
0.0929661
0.270657
0.998398
1.2645
1.55475
1.1253
2.99293
0.126026
1.39107
0.906814
1.93194
0.133252
0.497427
0.243818
1.62537
0.794758
0.272138
0.836281
0.451859
0.217491
1.74618
1.13115
0.0375302
0.343362
1.62181
0.14751
3.0512
0.296797
3.32309
2.03387
2.49657
0.592988
0.563982
0.629254
1.51927
2.56163
1.18877
2.74182
0.888542
2.01218
1.3796
0.197698
0.675782
1.31413
0.0121586
0.087189
2.10591
1.25729
0.34681
0.753074
1.22167
1.06527
0.644194
0.209369
0.659303
2.69827
0.187302
0.589901
2.26685
0.674223
0.0548203
0.324231
0.746743
0.795636
0.0846283
0.59997
1.00713
0.122916
0.415972
2.09942
0.678485
2.18545
1.27373
0.604317
0.234129
0.996495
0.153042
0.295279
0.768223
1.02262
0.81627
0.534594
0.970144
0.458836
0.584137
0.72862
0.178362
1.68363
4.63516
2.21409
3.20352
1.50611
1.36277
0.89092
0.345904
0.814821
2.01698
0.608738
0.154609
0.214915
1.52206
0.0792623
1.16042
1.94338
0.499487
4.57712
0.045483
0.621326
0.949663
4.39085
1.43944
0.121398
0.52351
1.88001
4.10194
0.625139
0.0869892
0.426622
1.49407
0.902516
0.0348091
2.33226
0.917375
0.681014
1.09274
1.11352
0.469369
1.38325
1.23806
0.628281
0.10686
0.738024
1.11427
0.393694
0.775818
0.540026
0.884913
0.0809154
2.1122
0.408414
1.90595
1.39685
2.19308
2.28258
0.371812
0.190657
0.711876
0.790241
0.425548
0.871108
0.446455
2.31049
0.185647
0.997984
0.130189
0.653889
0.0384812
0.92967
0.32065
0.461108
0.983192
0.206551
0.159536
2.7499
0.296305
1.0151
1.44564
0.199745
0.24374
1.2949
0.574117
1.74461
2.08556
0.278286
0.882402
1.27504
1.76633
0.608458
1.42196
1.14381
1.49136
0.41852
0.358971
0.400139
0.441128
2.88186
1.11018
0.0489702
1.13732
1.1789
1.81423
0.998232
1.2858
0.0396871
1.44305
1.34399
0.470297
0.279698
0.539921
1.30565
0.339498
1.08503
0.336716
3.83618
0.355917
0.460963
2.06852
0.328714
0.965245
0.646405
0.146061
0.524386
0.702899
3.48049
0.397865
0.591554
1.05103
0.557619
0.268858
3.78786
7.35269
0.603423
0.29029
1.26505
0.230664
0.180078
0.32326
1.21588
0.618717
0.902441
2.28498
0.943216
2.33604
0.403194
1.82118
0.369734
0.399365
0.303141
0.118542
0.278972
0.563017
1.32832
2.19418
1.32006
0.310025
0.0228107
0.717677
1.53756
0.221672
0.489579
1.05409
0.728557
0.00152704
0.984416
0.053435
1.51135
0.46164
0.552197
1.92732
0.0727098
0.781069
0.442694
3.02321
0.422004
0.297907
2.30283
0.429666
1.61152
1.45096
0.311815
0.00550831
0.282244
0.112855
0.602141
0.114565
0.140602
0.484612
0.328672
0.313275
1.88442
0.279456
1.87882
0.90455
0.486993
0.333005
0.186383
0.121019
2.75325
0.929516
0.504832
0.717301
0.795501
0.272098
0.546857
1.09147
0.539502
1.02076
0.288048
2.50775
2.34714
0.0029646
3.11307
0.924657
2.22391
0.879603
0.834944
1.31039
0.791857
1.49176
1.342
0.443598
0.113094
0.129042
0.800042
0.887504
1.46078
0.0362637
0.301985
1.07381
0.324315
0.505236
0.475733
0.111831
0.382045
1.44551
2.21829
0.631776
0.334795
0.565753
4.19265
0.671592
0.779937
0.0296089
0.116963
0.353306
1.40316
2.26774
1.32177
0.762973
0.499638
3.01446
0.951479
2.14868
0.00186331
0.301242
3.19828
5.42739
0.385314
0.0445891
0.347285
0.286543
1.95841
0.388235
0.489828
0.411035
0.0243105
2.64358
0.0971949
0.149315
0.464453
0.117684
0.553152
1.88262
0.106928
0.55533
1.33583
1.74025
0.469564
0.181175
0.400093
0.152438
0.801809
0.0172065
0.415371
0.344266
2.8434
0.203404
0.291841
0.0262197
0.179932
1.15799
2.14008
1.58228
1.23176
0.0536604
0.171419
1.38727
1.53288
0.143697
0.841931
1.58124
0.0739577
0.283297
0.941649
0.981562
0.583481
0.460914
0.0607696
0.306204
0.306494
0.944941
0.597526
0.0200047
0.465278
1.11576
0.843916
0.4663
0.362911
0.713121
0.40292
1.3155
2.25631
2.73052
1.96775
0.78977
1.71331
0.436206
0.154609
1.32395
0.201424
0.470199
0.0868893
2.28019
1.36971
0.698901
0.355089
0.350833
2.21102
0.988919
0.730266
0.0397824
2.31419
0.788561
2.37333
0.65254
1.12099
0.235094
0.19343
0.304092
0.572818
2.96177
1.67479
0.00919744
0.850538
0.440985
0.326555
0.104554
0.170876
0.0884884
0.727798
0.734391
0.318171
0.27748
0.957265
0.29491
1.29468
1.01367
3.46671
0.195729
0.277239
0.833187
1.49489
2.49546
1.32533
0.46893
0.264952
1.12042
1.36767
0.7237
0.285203
0.576396
1.05584
0.36199
0.0334513
0.912119
1.29948
0.117821
0.523664
0.499889
1.05742
0.221406
0.18664
0.204602
0.859436
2.51
0.458256
0.0176413
0.373008
0.694613
1.69138
0.566936
1.43392
0.148536
1.24164
0.0105227
0.198554
0.910069
1.13409
0.919669
0.419216
0.0716602
0.101104
1.28129
0.269657
0.643033
0.0489382
0.0866563
0.442504
3.03838
1.33351
1.24259
0.232626
1.35458
1.24821
1.04441
0.0895225
0.200342
1.41314
1.13276
1.47042
0.0396236
1.40453
0.0687466
0.200939
2.26921
0.549497
1.48124
0.97831
1.65336
0.239427
0.109036
1.17366
2.91565
0.285
0.32952
0.582551
0.60164
0.998067
2.21269
2.67542
0.257345
3.60262
1.13903
1.17662
1.93131
0.642626
1.11715
0.30017
0.513362
0.54554
0.0770514
0.414863
0.342803
0.542543
2.63419
1.22167
4.22551
0.258569
0.00259736
0.54554
1.18667
0.744235
2.00286
0.662435
1.67544
0.598636
0.974906
0.671532
0.38963
0.32402
0.345818
0.48486
2.09271
0.0440149
0.31386
2.87589
1.47869
0.69553
2.0124
0.026439
0.783805
0.242572
0.490675
0.255294
0.490077
0.175121
1.24217
0.00198561
0.153612
1.0853
1.84968
2.22844
0.0378155
0.0214067
0.537202
2.17304
2.68119
1.10584
0.920741
0.842002
0.308694
0.217491
0.516375
0.130015
0.573305
0.0972622
1.58035
1.47308
1.71977
0.822363
1.13827
1.52894
0.180663
0.243779
0.155357
0.921201
0.813788
0.0526305
3.04285
0.237761
1.20198
0.654946
1.50983
0.402464
1.239
1.75762
0.136745
0.750097
0.171057
0.0923969
0.535689
1.83696
0.807404
0.382716
0.201125
0.0181384
0.0351883
0.664686
2.43062
2.98143
0.550185
0.147934
0.523149
0.505287
0.543856
1.26235
0.23749
0.948953
0.126026
2.12413
0.0325996
2.85182
0.872203
1.06757
1.02568
6.22282
1.1487
1.5533
0.246118
0.711814
2.79481
0.117684
0.922352
0.564626
0.809185
0.347371
0.564679
0.536002
0.500543
1.63206
0.98026
0.253601
0.0989453
0.572222
0.208165
0.224571
0.0531775
0.261181
1.62398
0.462076
0.665695
0.170442
0.192246
0.315867
0.370176
0.480113
0.925042
0.129702
0.0173928
0.629483
1.3744
0.510765
0.384552
0.445073
0.0506061
0.575853
1.30453
0.673026
1.59634
0.132451
1.77278
1.90369
0.325624
0.368895
0.585561
0.474604
0.00357695
9.15569e-005
0.513872
0.665695
0.64402
3.08599
0.183189
0.113573
0.595864
1.35872
5.23242
0.0690735
0.201536
2.30436
2.03387
0.157284
0.963404
0.271417
2.72958
1.11921
4.12433
2.58888
0.99476
5.0742
1.46923
0.554107
0.292454
1.03655
0.822363
2.16503
0.189993
0.929516
1.13989
0.067995
0.515608
0.57206
0.136186
0.536575
1.44228
1.13446
1.45214
0.467176
0.422516
0.418845
0.273902
0.693941
0.670457
1.7399
0.867832
0.752944
0.0157794
0.119918
3.80966
2.61357
2.37957
0.943216
1.14832
0.0701532
0.183555
0.556021
0.704873
0.92967
0.0836988
0.650199
2.18383
0.14974
0.872495
0.283946
0.00431226
1.47482
3.50051
0.765004
2.13388
1.0344
1.0781
0.0576935
3.89142
0.0595056
0.246938
0.252776
0.253287
0.286747
0.487589
3.12273
2.94075
0.590562
0.36002
2.00015
1.25034
0.312775
1.10843
1.05645
0.673804
0.0927317
0.0569825
0.0780407
0.149315
0.561785
0.0621975
0.368542
1.18208
0.00916664
0.855408
0.0615807
0.503064
0.711254
1.79807
0.322165
3.01695
1.12869
0.687669
1.51607
4.17067
1.8489
0.622179
1.20117
0.164093
0.605266
1.05172
6.70833
2.14973
1.25258
0.600471
7.13911
0.267023
2.57196
0.0860575
0.215634
1.56666
0.958139
0.803239
0.2549
0.134613
0.0887218
0.61866
0.439753
1.3869
0.489579
0.440891
0.337144
0.0474331
0.561678
1.93026
1.05751
0.152687
0.250696
0.299923
0.0599268
0.21518
2.21829
2.13568
3.67338
0.0591818
0.820282
1.59544
0.45023
1.62104
1.10225
0.273581
0.43239
0.0471131
1.87105
0.455558
1.72798
0.860806
2.56519
0.930134
0.279698
0.265231
0.184362
0.368189
0.898985
0.696204
0.444882
2.48259
1.25836
1.70204
1.46262
0.476077
3.42086
0.0212196
1.09748
0.0191955
0.639787
2.88787
0.559967
0.88137
1.93934
0.921661
1.88041
1.19641
1.52066
2.94887
1.32705
0.51704
0.155571
1.09648
0.539607
0.0805845
0.306618
3.665
0.236832
0.453106
2.51678
2.26744
0.644601
0.51163
0.831153
3.88249
0.404702
0.0214691
0.866742
2.58119
1.07015
0.197438
2.22476
0.101408
0.534386
0.341987
1.67707
0.487042
3.15227
1.2836
0.57808
0.485306
0.457581
0.176067
0.602475
0.43838
0.559807
0.0418169
1.12267
2.97245
0.417917
1.58377
0.232087
0.16802
1.4149
0.126927
0.716739
0.574496
0.266784
3.86925
0.310732
0.77231
1.23742
0.850895
0.431497
2.40968
0.0796588
3.68668
1.53529
0.28496
0.617697
1.12136
5.61808
0.0930331
0.352177
1.30441
0.260072
3.00518
1.55576
1.40105
0.603033
3.66262
1.9387
0.620702
0.960848
0.784273
0.165892
3.84613
0.890325
1.86159
0.301407
1.0189
0.967892
1.83561
1.02152
0.702961
1.15498
0.981969
0.591719
0.358971
0.778872
0.990479
1.56345
0.00425097
1.86335
1.01216
0.789569
1.5546
0.190472
0.108458
0.352915
0.836704
0.349403
1.24747
0.73166
1.7373
0.754631
1.12136
0.865944
3.84043
0.795501
1.20361
1.10152
3.96588
0.59437
0.166793
0.263005
0.466981
0.599192
0.394509
0.0231542
0.740836
0.0742207
0.371635
0.427184
0.300871
0.0993497
0.593099
0.930134
0.964284
0.228744
1.63848
1.28096
2.59827
0.955756
1.10815
0.827935
2.6609
0.782469
0.695898
2.55101
0.238768
1.95646
0.422423
0.200528
0.865726
1.50997
0.154609
0.269777
1.10741
2.55179
2.80232
1.48245
0.668193
0.876299
0.544908
0.697
0.0847944
0.85426
1.53557
0.571195
0.0938373
0.615436
0.505742
1.61259
0.459995
0.794555
0.216657
1.17277
0.553364
0.641061
0.391118
0.0356626
2.02089
1.22998
3.31802
5.66982
0.919669
1.96535
1.70875
0.473182
3.91105
0.0962536
0.270097
0.142676
1.00797
0.701298
0.558899
0.896439
0.226598
1.78343
1.40914
0.622463
1.09602
0.349577
0.816063
0.272258
0.752426
2.90724
0.655475
0.0746152
0.791116
0.442077
1.53034
1.35269
0.254625
0.00281157
0.883583
1.49163
1.65431
0.169791
0.763235
0.420098
4.12056
1.11352
1.79036
0.00812004
0.00119089
0.649965
0.161113
2.59296
0.601695
0.143345
0.372831
0.885356
0.520475
0.336417
0.376204
1.23763
0.141656
0.474751
0.831854
0.425641
0.135801
0.596972
2.01698
1.78999
1.07613
0.461543
0.0900233
1.04589
0.813719
0.434084
4.20485
1.57754
0.605378
0.0964216
0.207339
1.47856
0.241445
0.460963
1.3468
1.50391
1.39021
0.624228
0.282447
0.190251
3.25913
0.255255
0.0335459
1.95711
6.65954
0.14599
0.396367
0.975311
0.895094
0.252658
2.34078
0.0728411
1.01856
0.165856
0.19662
0.24565
1.58169
0.432296
0.240009
0.440274
0.2984
0.697061
0.920434
0.311107
0.687973
0.302439
1.21506
0.501652
0.121915
0.751002
0.221406
0.0571764
0.865291
0.134997
0.56002
0.35209
0.0434092
0.258095
0.678485
0.64938
3.20127
0.463191
0.838255
0.201349
1.29624
0.536941
0.552091
0.802081
0.0663631
0.320818
0.924503
0.987033
0.440179
1.46777
0.251716
1.63644
1.09675
0.605937
2.15735
4.50833
1.05716
1.37658
1.05286
0.771848
0.102997
0.248306
0.815028
0.928666
0.316076
0.478438
0.991547
3.13178
1.85571
1.6232
2.08483
2.0202
0.862106
2.80585
0.257937
0.208128
0.698778
0.622065
2.14607
0.18907
1.62367
0.656769
0.0407037
0.181467
0.139619
0.634765
0.639266
1.36122
0.83769
0.306535
2.64918
0.498029
3.02258
3.12412
1.70842
0.404474
1.53955
0.0409581
0.160503
0.852326
0.600137
1.04684
0.209707
1.57018
2.85659
0.256003
1.80584
0.142993
1.83504
0.647046
0.133218
0.744299
1.37199
2.86566
2.18464
0.911435
2.24328
0.0475931
0.000122078
1.65879
0.169068
2.77308
0.226943
1.96514
0.182163
0.0033932
3.14942
6.42692
1.51941
0.465133
0.365327
0.374605
0.873883
0.298153
0.239466
0.895916
1.09174
0.680893
0.416574
1.98782
0.512342
0.096825
1.36265
0.208165
0.559967
0.19662
0.584794
1.70993
0.807815
0.153007
0.422377
0.366383
1.6489
0.426248
0.664924
1.05076
0.453058
0.286991
0.061743
0.0933011
0.791183
0.300129
0.225221
0.980341
1.00006
0.21863
5.4136
2.04749
1.14084
1.14496
1.13247
0.387515
0.107744
0.367616
0.694246
1.0018
0.205351
2.66967
0.257502
0.0155934
0.360064
2.69737
1.29423
0.391073
0.00802774
1.56112
1.0063
2.84918
1.42424
1.61182
0.817444
0.0624898
0.624968
0.362911
1.50625
0.564518
0.886096
0.288455
2.64918
0.226215
0.0220616
0.591609
0.983274
2.53664
0.607841
0.412463
0.688155
0.356091
0.591333
1.08305
0.929361
1.84581
2.56837
1.68166
1.23281
2.49805
0.406763
0.332792
0.431121
0.48194
0.174176
3.97884
0.258806
0.411679
0.0116336
1.7617
1.73004
0.129563
0.0317487
0.55347
1.38752
0.13713
1.67789
0.179165
1.65017
0.783939
0.835225
0.961566
0.200789
0.90969
1.32555
0.800721
1.54197
0.549603
1.58839
0.510663
0.223579
0.122329
0.612391
0.823545
0.195618
0.091293
3.44257
0.409011
0.207639
0.375448
1.41578
2.04607
3.36989
0.806173
0.148713
2.8678
0.772971
0.17247
0.319053
2.6393
1.17277
0.774758
0.143063
1.60877
0.422516
2.34078
1.09748
0.690343
1.72626
0.43098
2.22617
0.740708
0.603423
2.41547
0.156213
0.0812463
0.703762
1.02526
0.19807
0.983682
2.29765
0.42976
0.455221
0.211252
1.14352
0.0554652
1.13285
0.283824
1.26267
1.48097
1.25141
0.80631
0.876446
1.29959
0.596861
1.41176
0.127897
0.832836
3.05832
0.130293
0.94032
1.15614
1.5068
0.268499
0.0641805
0.31194
0.29225
0.00646003
0.832836
0.103166
0.485256
1.79384
0.186897
1.50144
0.902215
0.307282
0.339627
0.5427
0.0134259
6.07972
0.0553362
0.542385
0.77967
0.845692
1.02662
0.50372
0.51275
0.861673
4.30816
2.27158
0.509088
1.42031
2.19226
3.17976
0.953536
1.64431
3.40511
0.127204
1.33618
0.271417
0.567959
3.89592
1.45096
0.17247
0.163086
2.26509
0.348971
0.341342
2.94539
2.43444
0.106826
0.0775459
1.07774
0.720119
0.295074
0.262727
1.9836
0.357966
0.63235
0.850895
1.45279
0.20176
2.32568
0.620986
0.27748
0.184179
0.16784
1.29612
0.597804
0.455991
1.02858
0.481149
0.0298289
0.324653
0.105808
0.0191955
0.405709
3.67217
0.530125
0.197326
1.09447
0.311649
0.678064
0.858643
4.54501
0.58359
0.597304
0.70099
0.0912596
1.10326
1.29423
0.315532
0.979365
1.1253
0.606889
0.00910505
0.104147
1.52416
1.36803
1.21034
0.148961
2.10441
0.116277
1.46091
0.124159
0.59847
1.42525
0.0543691
0.814477
0.286991
4.12433
0.838961
0.343836
1.16139
0.401779
1.71348
1.84253
0.819243
1.66684
0.0807169
0.00149648
0.212912
1.83619
0.540131
0.0738592
0.907419
0.153896
2.21353
1.30712
1.33456
0.398183
1.07837
0.00250558
0.680713
0.467078
0.586
0.360501
0.557779
1.22998
0.123675
0.00278096
2.61273
0.155749
1.6489
0.728747
1.836
0.438144
0.416991
0.444168
0.207977
0.128938
0.444644
0.144191
0.0349987
0.0771503
3.84899
3.20804
0.146131
0.156427
0.384328
0.285975
0.574009
0.577319
1.36851
0.440843
0.0207833
1.42945
0.192024
0.0387667
0.931373
0.699515
0.334369
0.217681
0.199298
0.126649
3.4995
2.13542
2.02458
2.26186
2.24992
0.0269718
0.965966
0.292822
0.642162
1.95452
1.75851
0.331389
0.14967
0.666646
0.603033
1.3267
0.254585
0.956232
1.41089
0.228782
0.389946
1.95474
0.267422
1.18278
0.59216
0.961007
1.90841
0.353958
1.89879
0.00449618
0.168309
0.258925
1.85688
1.44603
0.47377
2.11751
0.605043
1.12493
0.121777
0.196397
0.310233
0.494821
1.11473
2.44213
0.358665
0.214423
1.12352
0.327232
0.296797
1.00155
0.0379739
0.428588
3.68061
0.713058
2.12745
1.16335
0.623203
0.197847
0.691866
1.82193
0.395868
1.02747
3.2528
2.16743
2.78685
0.49417
0.589901
1.74601
0.237297
0.650783
2.33037
3.13809
0.357792
1.56273
0.146626
0.0099369
0.0916943
3.3063
2.28708
0.272899
1.52879
2.9196
0.0960184
0.207001
0.698533
1.06802
1.11734
0.433378
0.160181
1.22509
0.434555
0.622463
0.58946
1.09301
1.14199
0.913107
0.655416
1.74986
0.963484
1.87363
0.861095
3.05962
0.200528
1.36564
1.95237
3.29142
0.299388
0.234553
0.412924
0.0262823
0.209143
0.184326
2.21241
0.0468252
0.221863
0.993194
2.61523
4.34747
0.34668
0.492371
0.151976
0.0239353
1.14938
0.112855
0.16914
3.60262
0.450804
3.47555
0.539555
4.21512
2.41002
1.04754
0.20064
3.23249
0.125888
1.57282
2.80132
1.06474
0.788763
1.35021
0.119608
3.05184
0.86667
1.25793
0.485107
0.308528
0.114667
0.198628
0.666111
0.76566
0.49818
0.905304
1.62336
1.61642
0.264634
0.350139
0.984335
1.65992
0.0262197
1.17632
0.530851
0.97434
1.62988
0.764348
2.06466
1.22281
1.88362
0.585945
0.306328
0.614589
3.58817
0.560608
1.16814
1.07747
0.0768207
0.975715
1.5546
1.52683
0.0378788
2.74894
1.01831
1.12945
0.89375
1.98316
0.238574
0.804944
0.235982
0.162835
0.28091
1.44292
1.06953
0.809939
1.89027
0.41191
0.290208
0.504528
1.26732
1.3349
0.644311
0.144614
0.314863
1.66056
4.07824
1.17672
0.830172
0.52068
1.03003
1.29456
0.425548
0.964604
1.1138
0.887504
0.0627498
0.142711
0.648504
0.190325
0.182712
1.00872
0.3491
0.487639
0.961406
1.45188
0.237684
0.583809
1.77511
0.852111
1.12202
1.28283
0.00354632
2.92927
0.0751085
0.506248
0.122122
4.32186
0.674463
0.776614
0.603758
1.58496
0.257542
3.07668
0.0198179
1.01814
0.182712
0.548229
1.04329
3.43496
0.937978
0.93207
0.202619
0.287194
1.0028
0.372122
0.84271
0.0957161
0.953536
0.399365
0.19558
0.959811
3.24259
0.905832
0.26547
0.845976
1.14515
1.93786
1.12136
0.119024
2.09148
0.865871
0.343965
1.48716
1.32797
0.400503
0.669921
0.800993
0.158821
0.379454
0.720307
0.889359
0.715864
0.404794
0.686274
0.580641
1.84272
1.75303
0.155499
0.444692
1.42436
0.337229
0.562267
0.913563
0.634305
1.17395
0.140005
0.210234
0.376737
0.260507
0.781402
0.166072
4.73078
0.00858164
0.262013
1.00388
0.0455149
3.55133
0.164452
2.39184
1.21661
1.35481
4.68018
1.38082
1.13951
0.963804
0.0621975
0.101239
0.00477211
0.561892
0.925812
0.758272
0.708834
0.648213
1.87344
0.68005
0.0279756
0.324695
1.01653
1.29579
2.95296
0.399866
0.0328834
2.51829
0.166865
0.968777
1.03123
0.00824311
0.00204677
0.0926313
0.13664
0.113368
0.50924
1.45605
0.997322
0.780603
0.864059
1.72815
0.792463
2.98083
1.12718
0.235325
0.56216
2.46916
1.17356
0.173341
0.517347
0.126372
2.66265
0.245923
2.48369
0.594923
0.758402
0.064799
0.194208
0.0676684
0.164704
1.61704
0.128313
2.0895
0.549603
4.26164
0.291882
0.489529
0.304754
0.0515375
0.229319
0.524334
1.01949
0.506299
0.42901
0.856341
2.10166
1.89391
0.389495
0.175085
0.114052
1.15179
1.60253
0.146944
2.84865
3.50457
0.423868
3.40879
4.0137
0.559593
1.29267
0.0931001
0.27748
0.759119
0.636321
0.820282
0.0951118
0.0638226
0.0870225
1.78361
1.57739
1.86947
1.20778
0.139373
0.305334
2.20602
0.855838
0.501047
0.106249
0.984825
0.223464
0.302728
0.749129
0.686153
0.589405
0.0543046
0.35131
0.875933
0.741028
0.270057
0.203778
0.735028
0.160969
0.402555
0.162943
0.487241
1.28228
1.28846
1.42069
1.65113
2.23014
0.460963
3.1938
0.00097704
0.39673
1.80009
1.71569
2.82214
0.0564011
1.10584
0.363701
0.530125
0.223693
0.809116
1.15877
0.145708
0.649322
0.244207
1.18627
1.21434
0.311065
0.81248
4.98111
0.746293
1.00621
3.82353
0.0727098
0.756124
0.130919
0.477453
0.159536
1.66426
1.11921
1.47149
0.217453
3.14515
0.714367
4.87575
1.04676
0.333176
0.409103
0.70809
2.50737
1.10575
1.13751
1.2825
0.342889
0.266306
1.3773
1.72181
0.368057
0.836281
0.9499
0.839384
0.262966
1.29334
0.0938708
0.0600564
1.09192
1.30149
0.146944
2.11144
2.95472
1.38118
0.148501
1.05042
0.524076
1.38057
2.25806
0.540026
0.0585021
1.37151
1.15247
1.96644
1.82572
0.611603
0.238226
1.56098
0.0143542
0.728683
1.75321
2.33762
1.4938
0.00606081
1.69138
0.298482
1.17257
0.682402
0.15084
0.588031
0.0670482
0.404977
0.595698
2.51603
1.70791
0.503367
1.26051
0.629998
3.51068
0.00458815
0.425174
0.311107
0.385583
0.288863
0.089022
0.737385
0.565592
0.560448
0.896364
0.134578
0.695898
1.6432
0.00449618
0.421353
0.230049
0.59194
0.428026
3.12759
0.140637
0.358447
0.139408
1.92125
2.05389
0.349403
3.27596
0.779271
0.490475
0.962445
0.816615
0.743529
1.28968
2.94307
2.91791
0.0454191
1.14938
1.67463
0.277964
0.139969
0.760359
1.76865
1.78234
0.584794
0.452051
0.0152834
0.341729
2.01606
0.192209
2.38685
2.33131
0.409425
0.332409
1.2304
0.131406
1.86828
0.167515
0.169863
1.60314
0.138777
0.289107
0.473134
0.75658
3.43876
4.06038
0.499185
5.46995
0.900937
0.446503
0.777742
0.865726
0.185353
0.586823
0.689796
0.177414
1.59514
0.200901
0.163194
0.52583
0.0413397
1.30655
0.00305642
0.495021
0.535793
1.85298
0.462561
2.31357
1.74112
0.598081
0.0549815
0.355089
0.531837
3.65669
1.29713
0.249833
1.54841
0.7434
1.39217
0.0162445
0.110705
0.761861
1.01493
0.269497
3.30297
2.78735
2.03293
0.0349987
0.889359
0.704997
0.377227
1.65543
0.323977
0.482929
2.78834
2.82522
0.806788
0.652481
0.0393062
3.34362
0.0394014
1.45266
1.26213
0.0222801
0.619737
0.0953132
1.69006
2.72631
1.69719
0.912879
0.0268151
1.37007
0.116895
0.436206
0.511426
0.0766559
1.14717
0.297085
3.46476
0.123192
0.826679
1.92188
1.20778
1.06262
1.7789
0.127134
0.723385
2.32318
0.611603
1.75039
0.811861
0.762253
0.865146
0.861023
0.63586
1.37139
1.18327
0.109785
2.16503
1.18847
1.3228
2.55965
1.68939
0.154324
0.667716
2.82883
0.247485
1.11083
0.415972
0.1159
