-0.191157
0.25144
0.993926
2.47012
0.950807
-1.99393
0.673338
2.36042
0.755539
1.93976
0.0287821
-0.185441
-1.86404
-1.65478
0.286612
-0.337214
1.17043
-2.04078
-0.742643
1.05567
-0.61857
1.02159
-1.04394
1.29834
1.01928
-0.000939038
-1.75397
0.148032
0.259385
1.25985
-0.12132
1.39596
-1.33793
0.430721
-0.187629
-0.735679
-0.378932
0.0378413
-0.628696
-0.235684
0.00647667
1.05014
-0.0707432
-1.90181
0.338373
0.093346
-0.521953
0.137892
-0.286957
-2.22462
0.357925
-0.0599255
-0.89479
-0.17136
0.682443
1.61222
-1.87314
0.372291
-1.30318
-0.142854
-0.290253
-1.1994
-1.64265
-1.14015
-1.3721
-0.182276
0.409509
-0.789284
0.943516
-0.618867
-1.3012
0.0830756
0.515647
-0.289439
1.15471
-0.853078
0.323187
0.51211
0.163379
-0.580774
-0.319122
-1.52777
2.04861
-0.442111
0.120777
0.207771
-0.322845
1.37379
-1.98307
1.2795
-2.018
0.119028
-1.69695
0.670676
-0.129154
-0.462321
-1.37493
0.283585
1.54278
-0.692249
0.488883
0.957797
1.2081
-1.0455
1.00753
-1.59129
-0.730149
0.128095
0.260769
1.10284
-0.0705998
-0.875421
-0.145778
0.643932
-0.122085
-2.3407
-1.35455
0.750918
0.678046
0.264534
-2.71156
0.158094
1.25712
1.00211
-0.0919979
-0.22442
0.541482
-0.702626
-1.73395
1.50051
0.171912
-0.685793
0.0142624
0.108947
0.0583451
-1.87288
-0.863617
1.35783
1.3091
0.857115
0.667352
-0.0779078
-1.61773
1.3727
-0.31407
1.60363
-0.428002
0.503635
1.38724
-0.13806
0.681944
-0.496156
-0.374587
-1.11037
0.666163
-1.18816
1.28586
-0.598461
-1.36616
1.47779
-0.953964
0.887089
-0.350443
-0.937839
-0.151998
0.0441402
0.0277184
-1.16557
1.41419
0.468257
-0.265793
0.888469
0.759508
-0.861174
1.4726
1.28429
1.49941
-0.523587
0.662563
0.721923
-0.185508
1.05036
1.81984
-1.10111
0.364837
-0.740627
0.743499
0.97762
0.489333
1.64653
0.627487
0.676923
-0.488281
0.464729
-0.303197
-0.43174
0.272661
-1.30983
0.501379
0.0899783
-2.32043
-0.428868
-1.80595
1.65458
0.666401
1.16195
-1.99335
-0.624809
-0.17262
0.535117
-1.34101
-0.177044
0.810154
1.29262
-0.631211
-1.64586
-0.829989
-0.336123
0.544866
0.0570591
-1.8849
-1.27642
-1.36198
-0.163207
-0.318251
-1.07905
0.337021
-0.0255112
0.305926
0.477437
-0.845732
-1.01703
-0.100323
-0.303734
-1.04531
-0.501613
-1.09821
-1.43843
-0.131468
1.56532
0.857008
1.49861
0.0312859
-0.713917
0.409081
0.684977
0.65033
-0.0315075
0.232428
0.154482
-0.868908
-0.502412
-1.02173
1.7112
0.991223
0.562029
-1.51646
-0.85618
-0.720813
-0.545829
0.0686443
0.433753
-0.596676
0.360337
0.613488
0.572944
1.59398
-0.399973
-0.226306
0.931555
-1.08943
-0.479771
-0.524995
0.432355
1.32125
0.251213
-0.411591
-0.190069
0.274432
-1.19592
-1.2285
0.575583
2.19414
-0.714911
0.934389
1.77361
-0.648525
-0.657808
0.406043
-1.79365
-0.692677
0.826213
0.431815
-0.0129829
-0.46774
0.656602
0.395853
0.326998
-2.59027
-0.0844533
0.331693
0.679868
-0.0319685
-2.22766
0.636234
1.5736
1.21776
0.497965
-1.08224
0.992378
-1.05113
-0.0308007
-0.0991057
-0.293506
-0.159807
0.954853
1.41495
-0.927773
0.480793
-0.559367
0.861792
-0.783582
0.223959
1.78217
1.44978
-0.304355
-0.801734
-0.156545
-0.279434
-0.189878
-1.10552
-1.83355
0.699798
-0.705819
1.03092
-0.606083
1.10197
-2.4556
-0.807662
1.2624
0.2726
-0.59072
1.40877
1.48067
-0.804489
-1.56961
-0.490098
-0.35698
-0.936391
-0.0606411
-2.7766
-0.49861
1.30829
-0.115037
-1.50894
-0.313279
-0.221839
0.0282558
-1.65583
-0.353836
0.38715
-1.14673
-2.17563
0.799423
0.245946
-0.0795854
-1.21455
0.989635
-0.512907
-1.47566
0.457852
-0.656226
-0.524797
-0.6849
-1.2232
0.130971
0.18187
-2.22539
0.436428
0.551818
1.28005
0.75663
0.786545
0.244272
0.187149
0.528502
-1.51895
-1.16101
0.571009
0.67272
-0.514141
0.0680662
1.56103
0.453464
-1.86019
-0.982706
-0.484563
-0.51949
0.709554
-0.410164
-0.839728
0.989308
0.62185
-0.933496
0.568931
0.83568
-1.77975
-1.5121
0.502977
-2.86997
-0.81026
-1.79593
-2.44659
-0.546628
1.35233
-0.149744
0.603721
-0.674725
-0.909125
0.218355
0.198596
-0.510793
-0.56926
0.396606
-0.0864324
0.547808
0.271306
0.0915368
-1.20128
-1.91813
1.89693
-1.78146
-0.635612
-0.682149
-0.995353
2.64416
1.41009
1.0706
0.571254
-1.6195
-0.883862
0.414311
-1.16521
-0.194133
-1.94054
0.335073
-2.06523
-1.90613
-1.39853
-0.569077
0.182574
0.703298
0.217608
0.157669
-1.67436
-0.658105
1.1917
-1.06053
0.914138
0.772719
-1.06291
1.53768
-1.29367
1.19899
0.096412
-1.19235
0.376756
-1.30962
1.13901
-1.04313
-0.743336
0.322866
1.98496
-1.90561
-1.56808
0.673204
1.00919
0.27326
1.0286
-1.095
1.69414
-0.590588
0.179589
1.26657
0.0476708
-1.15554
1.16236
1.09786
0.26614
1.36673
-1.05117
0.266504
0.968174
-0.948201
0.451811
0.0800168
-1.01012
-1.10624
-0.350931
0.136317
1.0027
1.43387
0.214408
-0.703671
0.821899
0.0655186
1.38349
-0.707206
1.71101
-1.50171
-0.682747
-0.773941
0.959449
-0.352537
0.965065
2.22089
0.597664
-1.54624
-0.235944
-0.185705
-1.74214
-0.527258
1.98984
0.5539
0.120769
-1.27092
0.619061
-0.88218
-0.0213472
-1.12499
-0.331573
-0.179374
-0.382043
2.03316
1.1045
0.137527
-0.209561
-1.21693
1.15259
2.10603
-0.336075
1.218
-0.217482
1.02345
0.88123
0.747917
-2.28727
0.842404
-1.32126
1.57781
-0.321276
0.279777
-0.274423
-0.209792
0.136827
-0.978492
-1.9467
0.243178
0.292697
0.412963
-1.32626
-0.765639
0.153169
1.26663
0.678824
-0.0434889
0.58758
-0.865346
1.76951
-1.37176
-0.868597
0.481747
0.0567345
0.847496
0.887819
-0.870959
-0.215066
0.856612
-0.972549
-0.430535
0.184452
1.44791
-1.45563
0.487694
0.684149
-0.172091
-0.635633
2.21323
0.952777
0.593941
0.0320243
-0.244816
-1.0713
1.1337
1.22117
-0.544165
-0.713829
-0.267665
-1.08068
0.536815
0.502161
0.879747
-0.768164
0.542974
-0.522872
1.28192
-1.01839
-0.888511
-0.19207
0.738285
0.808903
1.15284
0.859632
0.826815
-0.216942
-1.68725
-0.832721
-0.254972
-0.972381
-0.640596
-0.208461
0.443824
-0.114745
0.484866
0.0832751
-0.456302
-0.304648
-0.0493366
1.06681
2.69345
-1.42902
1.68457
-0.399908
1.7736
-0.391975
-0.113349
0.216767
-1.03979
1.25195
1.15029
1.95986
-0.714574
-0.228104
1.10825
0.130599
-0.386875
-1.58663
-1.14175
1.03228
-1.97793
-0.97346
0.907596
1.0553
-0.225338
1.09526
0.635552
0.624153
0.579744
-0.525449
-0.980009
-0.670443
1.21185
0.0776451
-0.305258
0.148992
0.997063
0.597846
-1.35619
1.1418
-0.0460458
0.00742206
0.80239
-0.658402
-0.721006
1.21304
0.305898
-0.47864
0.062803
-0.906254
0.564926
-0.0910207
0.455642
-0.0501962
-0.164131
-0.968395
1.61878
0.426442
0.407101
1.94063
-0.313915
0.855049
0.778137
0.916188
0.430436
-0.0224644
0.784897
-0.827818
-0.495402
1.19867
-1.54908
-1.58281
-0.66751
1.03126
-0.494796
-1.63726
-0.255305
-0.581423
0.373161
0.423436
0.596627
1.23698
2.67083
-1.73474
-0.897986
-0.263345
-0.209445
0.558429
0.554243
0.47069
-0.0487231
-1.15272
-1.39027
-0.150718
-0.453126
0.327432
0.72114
-0.924486
-2.68693
0.948212
1.60913
2.01563
0.273861
-2.22337
-0.842945
0.084584
-0.699375
1.16547
-0.512338
0.782442
-1.90129
-1.21511
-0.247763
-0.764151
0.383036
-1.03912
1.08239
-0.415501
0.264383
0.321159
1.54039
-0.878582
-0.849617
0.373688
0.576311
0.334357
-0.0354442
0.830214
-0.355932
1.66221
-0.949702
-1.13762
-1.52735
0.760204
0.540477
-0.178631
-0.265415
-0.249579
0.760809
0.975702
-0.224075
1.87497
-1.20478
0.598017
0.344101
0.63677
-0.785614
0.536011
0.37494
-1.93407
0.525542
-1.03809
0.601664
1.1419
0.490847
-0.710411
0.467522
-2.33105
-0.0335565
-0.0839332
0.791003
-0.274241
-1.10118
2.23493
0.454312
-0.16906
0.0993765
1.54569
1.12524
0.297643
-1.66647
-0.545409
-0.63172
-0.133775
-0.689352
0.86379
0.263587
-1.14486
-1.21966
0.328905
1.08814
-0.946357
-0.518252
0.796623
1.0115
-2.43102
0.726917
-0.737323
1.40757
-1.75239
0.772687
0.74871
0.207072
0.860197
0.951996
0.404021
0.138775
0.223206
0.296884
0.707623
0.161978
-0.0287341
-1.23846
1.25627
0.191595
0.475984
1.55534
-0.99739
1.19928
-0.360467
-0.865446
-1.67876
0.678652
-0.231245
0.303585
0.655069
-0.18247
1.03895
-0.924202
2.44855
0.277628
-0.0394275
-1.57566
-0.781431
-1.03263
1.15235
-0.140486
0.485949
1.4745
-0.234773
1.80303
-0.79737
-0.444011
-0.426965
-0.585505
0.147946
1.49019
-0.751583
0.854687
-0.111805
-1.97891
0.162407
-0.950242
-0.549402
0.445676
-1.37334
-0.615252
-2.32453
-0.306934
-1.01211
1.07656
0.506227
-1.01679
-2.40505
0.102557
-0.182707
0.430398
-0.910792
0.540229
0.256899
0.14332
0.484773
-1.10836
-0.113547
2.45252
-0.233984
-1.27967
-0.953756
-0.144111
-2.80044
-1.09269
1.24485
-2.23619
-0.811026
-0.993536
-0.907605
1.87167
-0.528905
0.186917
2.38508
-0.326505
0.494612
-0.365986
0.195806
0.444633
0.107317
0.238531
0.523818
-0.398385
-1.37023
-0.820854
1.31471
-0.138695
0.990889
-0.0044143
-0.327101
-0.648893
-0.671395
-0.466642
-0.825089
0.643805
0.29904
0.325533
1.96474
1.96774
-1.41419
0.502511
-0.973062
0.0213808
-1.43138
-0.727533
-0.39532
0.285838
-2.45927
0.731091
0.126292
0.12101
1.48112
0.693247
-0.0970207
0.798875
-0.588264
-0.0303231
-1.4244
0.910532
1.06776
-0.836295
-0.705073
-0.271828
-0.656401
-2.19511
-0.150982
-0.0892239
-0.779515
0.347459
-1.63709
-1.26555
-0.465178
-0.527882
-0.51872
0.238313
-0.971442
-1.22234
0.823691
-0.756708
-1.87165
-1.24086
-0.278083
-0.122609
-0.12235
-0.240233
-0.324289
0.923089
0.66249
-1.0292
0.324414
-0.322688
0.584204
-1.47859
0.366556
-0.343426
-0.679114
1.36931
-0.228364
0.505042
-0.558927
0.430948
-0.402461
-0.436942
-0.0363712
-0.317234
-1.20983
-0.81554
1.98201
-2.44984
-0.219238
-0.286928
1.4366
0.858834
-0.210926
-0.793945
0.924595
-0.19398
-0.499912
-2.46179
-0.148282
0.100509
-0.628222
-0.291188
-0.366042
-1.06146
0.224447
0.0863078
-0.102312
0.311499
0.91192
0.920901
-0.479412
-0.88032
-0.743383
-0.315949
-1.0535
0.130603
1.19446
-0.791645
0.986963
0.562107
-0.193465
-0.757612
1.10609
1.47662
0.996738
-0.315195
0.466269
-0.309366
-0.0327742
0.688961
-0.0335484
-2.53624
0.876492
-0.660564
-0.374171
0.435838
0.474416
-0.165681
0.40332
2.26384
0.398903
0.168322
1.10585
0.713732
-3.25039
1.58672
1.45947
-1.37912
1.73602
1.03139
-0.45609
-0.626919
0.17528
-1.08322
0.679704
2.4235
0.97319
-0.579227
-0.364413
1.1498
-1.53635
0.913215
-1.05176
-0.0328259
2.42784
-0.334686
0.200301
0.283252
1.20685
-1.55861
-1.16232
0.64247
0.213654
-1.69914
-0.40758
-0.721678
0.844699
0.510621
-2.35105
-1.87795
0.161345
1.41583
-0.314771
-0.364006
0.905249
-0.151727
0.460305
-0.720207
1.16041
0.684793
-1.30601
-0.945857
-0.476361
0.423314
-0.535775
-0.106693
-0.310088
-0.130835
1.495
0.495623
2.1612
-0.348177
-0.517527
-1.56004
-0.578819
1.03953
-0.3084
1.46171
-0.546915
-1.4502
0.173805
0.35255
2.2789
0.725538
0.208807
-0.990715
0.666358
-0.553843
0.697512
0.348347
-0.475108
0.0738445
0.881289
-1.58212
-0.326368
1.59811
0.161083
-1.25873
-0.930809
0.157203
-1.40694
0.955276
-1.65659
-0.236867
-0.23773
2.28901
0.291733
1.2803
-0.244675
0.986733
0.376186
1.60918
1.32345
1.39328
-0.98648
0.587183
-1.82133
0.217536
-0.0240341
-0.115523
-1.99919
-0.777963
-0.673212
0.785049
1.23123
-0.919917
0.917191
-0.320939
-0.931233
0.25577
0.317292
-0.849078
0.733983
-1.31071
-1.39625
0.81572
-0.609636
-0.572634
1.67235
-0.599318
1.34565
0.457101
1.44282
-0.507706
0.339853
-3.38538
-0.926788
-0.886707
-0.530739
0.349476
-0.310087
-1.00857
-1.40221
-1.36165
1.31161
0.692513
-1.34317
-1.34918
-0.846879
0.540046
0.204688
-0.176979
-0.652157
-2.42896
-0.716113
1.93004
0.102026
-0.0351275
1.38362
-1.44959
-1.86203
1.80641
-0.175282
0.932293
2.12243
-1.922
-0.773085
-0.531201
-1.81611
0.418562
1.14321
-2.51151
-1.87098
-0.379852
-0.337615
1.01101
-0.905524
0.335019
0.0831243
0.228738
-0.29732
-0.309565
-0.493838
2.12933
0.63557
0.765666
0.686776
-0.493206
-0.0657052
0.145993
0.500858
-0.108809
-1.73014
-0.394808
0.0616866
-1.33844
0.523251
-1.93978
0.203371
0.306848
-1.2066
-0.50627
0.579839
0.717119
1.42725
1.03282
0.672925
3.14659
-0.027336
-0.412088
0.195928
0.631864
0.313278
1.71088
-0.820628
0.279097
-0.190354
0.666328
0.804938
-0.96974
0.777722
1.71017
-1.11823
1.25162
-0.446484
0.773237
-1.35685
0.656705
1.76409
-0.950083
1.65322
-0.56884
0.191216
-1.52561
0.695477
0.510765
-0.760738
-0.392847
-0.847171
-0.875123
0.424962
-2.54553
0.723252
0.317166
0.106513
-1.80706
-0.567329
-1.08482
-0.905146
0.250861
-1.15381
-0.166645
0.435917
-0.759974
-0.512783
1.31294
-2.01076
0.278214
-0.476469
0.345696
0.884369
1.85367
-1.91178
-0.269734
-1.53523
-1.87086
0.831896
0.515536
1.32238
0.191738
-0.425067
-0.0990819
-0.317016
-1.83169
0.55927
-1.49395
-0.208617
1.12738
-0.726326
0.532299
0.793811
1.03098
1.35503
-0.346656
-1.25699
-1.04558
-0.920375
0.358271
0.76566
1.07469
-1.19756
1.32075
-1.01937
-0.78565
1.57522
0.98255
-0.413308
0.647158
0.0788067
-0.72302
1.71006
-0.45042
-0.795962
0.360088
-1.29767
-0.308467
1.9763
0.396002
1.47234
-0.693718
-1.89477
-0.540583
2.25885
2.19683
0.124807
1.74528
0.744023
-1.07907
0.885423
-0.993818
0.349466
1.19264
0.010223
-0.690463
0.233271
-0.0947176
-1.60205
1.20357
-0.267175
-1.15762
-0.978743
1.06551
-0.452677
-0.0866952
-0.884609
-0.964002
0.22774
1.97025
0.472839
-0.773844
-0.681838
-0.368888
0.377407
0.026691
-0.313908
1.38522
0.066807
-0.313199
-1.72424
-0.190943
1.08313
-0.51317
0.125974
0.0507908
0.789422
-0.77275
-0.937963
0.0230078
0.0324771
-0.0336136
0.391006
0.53407
0.145787
0.744829
2.25764
-1.39825
0.680585
-0.17736
0.445346
-0.9494
1.09399
0.170168
-1.31651
0.228021
-0.813148
0.316722
-0.0692236
-1.09262
0.881599
-0.832999
0.125603
0.239429
-0.880728
0.276137
0.10425
-0.204291
-0.655741
0.636036
0.505438
0.442832
1.65334
-1.59439
-0.153476
-0.113453
-1.25555
1.76261
-0.93832
-0.233825
-0.0426931
0.206483
0.22319
2.40189
-0.573819
-1.78732
-0.357922
1.96203
-1.43006
-0.347758
-1.39348
1.68318
1.28519
0.0492919
0.716441
1.24572
0.0269615
0.927059
1.51426
-1.27724
-0.311285
2.36296
0.419233
-0.0655445
-0.740353
0.12388
0.266089
0.529866
-0.849876
-0.510859
1.50191
2.36492
-0.387177
0.393379
1.29139
-0.300681
0.169815
0.825379
-0.76919
-1.07279
-0.830953
0.502321
0.651339
0.455472
0.435492
-2.06292
0.601223
-0.150702
-0.783365
-0.165121
0.526627
-0.444059
-0.490634
-0.732132
0.447278
1.76534
0.997811
0.825738
0.059464
0.75188
0.872463
0.249165
0.919908
0.855252
-1.38867
-0.597463
-0.319577
-0.236179
0.55536
1.1754
-1.55376
-1.6357
-0.237912
0.0195157
-1.04304
-0.499978
-1.63689
1.20469
0.14746
-0.479199
1.22145
0.034569
-0.607536
-1.23279
0.16258
-0.249042
1.26543
0.0466888
-0.664784
1.10205
0.359658
-1.13509
-0.962749
-0.0502387
0.203454
0.232665
3.12605
1.01295
0.101939
-0.190592
-1.62845
1.11591
-2.1949
0.165371
-0.402741
0.466673
1.02547
0.194637
-0.413955
0.685819
1.33173
-0.395099
-0.226589
-0.320014
0.458068
0.339062
0.670194
-1.09681
-0.510457
-1.61411
0.655085
-0.729313
0.230636
-0.612145
0.214236
-0.353238
-0.614803
2.02697
1.98883
0.110055
-1.29548
0.63167
2.62248
-0.567558
0.0195505
0.468413
-1.64158
-1.56579
1.05296
0.0101628
-0.774549
-1.13753
1.87699
0.443655
1.83524
1.58359
0.335163
1.18647
-1.61817
0.603563
-0.332322
-1.33151
1.21255
-0.411661
-1.20429
0.318529
0.696429
1.38126
0.550628
-1.65088
-0.625234
-1.13358
0.318919
0.686228
-2.57911
-0.505343
-0.134532
0.599796
0.640285
0.840329
0.604619
1.23113
-1.57952
-0.370844
-0.810615
-0.44439
-0.280453
-1.21514
-0.831219
-0.186748
0.782641
-0.769743
-0.0295607
-2.35808
-0.606495
-1.90339
-0.18415
0.047299
0.299504
-0.130078
0.437054
-0.186692
-0.2049
0.353927
1.30765
-1.71865
-1.09013
-0.57748
-0.740697
1.72062
0.604443
-0.334168
0.00859752
-1.27876
0.41612
-0.491026
-0.445997
0.265202
0.356351
-0.914144
-0.736395
-0.104026
0.70622
0.654902
-0.169942
-0.769801
-0.914206
1.27099
1.21068
0.590455
-2.52099
-0.321072
-1.4143
2.10034
-0.685288
-0.00924421
-1.64714
0.454298
1.94062
-1.27908
0.0630936
1.06319
1.70467
-1.81489
-0.12197
-0.892442
-0.711572
1.46463
0.240184
-0.11433
-0.493244
-0.789683
1.8892
0.339033
-0.848016
1.19308
-1.06767
0.87221
-0.50292
-0.00304226
-0.394635
0.0132182
-0.317161
0.449785
0.277545
0.19481
0.795673
2.01691
1.27022
-1.02915
1.24591
-0.337091
-0.524853
1.407
-1.90349
0.479905
-0.207907
1.45364
-1.60791
-0.0425141
-0.184422
1.46267
0.647081
0.543729
0.358639
0.713518
2.22212
0.883209
-0.497339
-1.06047
-0.964378
-2.5689
1.87753
0.362143
2.04348
-0.919991
0.49521
1.3092
-0.273339
-1.03096
-0.846013
0.0865535
-1.03039
-1.28103
0.353815
0.559588
-0.0198433
-0.00157754
-1.55661
-1.08963
0.552517
-1.10541
0.824913
0.552766
-0.735018
0.743691
-0.382037
1.13663
-0.785155
-0.129639
0.973824
0.0468522
-0.555691
-0.526674
-0.711024
0.39738
-0.097827
-1.65215
0.864022
-0.598484
-0.463132
-0.207122
-0.68216
1.71118
0.959435
-0.340709
0.341636
0.064371
-0.543342
-1.31597
0.220729
-0.118767
-1.25303
-0.00786696
-0.7099
-1.30757
1.475
0.44989
0.368183
-2.08359
0.972493
-0.66661
-0.198257
-0.112663
-1.66524
1.75867
-0.863356
0.0979659
-0.673456
-1.63337
0.38369
-0.131262
-0.140809
-0.164903
0.545727
-1.13154
-0.0334807
-0.158265
-0.0676443
1.06769
0.870567
0.945537
0.57398
-0.0652595
1.09055
0.510689
-0.796439
-0.195571
-1.78433
-1.41418
-0.852867
0.2347
-0.937553
-0.889416
-1.50125
1.30463
0.281662
-0.0809963
-0.229721
-1.12298
-0.617749
-0.732157
-1.03346
-0.463694
-0.0622557
0.701158
-0.770683
-0.0783753
0.66427
0.540362
1.25078
-0.0467418
0.526977
0.423799
-0.452962
1.06605
-0.232924
-0.953834
-0.174493
-0.859454
-0.411461
0.169373
0.746246
-1.79479
-0.199899
-1.7716
-2.53113
-0.917121
-1.39445
0.194938
-0.10975
2.26415
0.770676
0.515167
0.169079
-0.430205
-0.0244175
0.253256
-0.579664
-1.47152
0.00501132
0.0907929
-0.482911
1.43617
-1.05861
-0.676561
-0.620896
1.13615
0.674505
0.537947
1.12297
1.11156
-0.825824
0.675472
0.985818
-0.957568
-0.241621
0.60325
0.307993
1.39336
-0.493314
-0.647509
0.371185
-0.298612
0.42169
0.218764
-1.18327
0.0592731
-0.905723
0.601806
-0.456924
-0.478522
0.421341
0.54759
-0.794073
-0.125378
0.476025
-0.0531635
1.84526
0.134293
0.349045
-1.09404
0.689527
-0.489587
-1.38469
1.585
0.995036
0.225903
-1.71344
-0.366816
0.166305
0.0811735
-0.160303
0.500529
0.40736
-0.00591494
1.36533
0.0710935
-0.469213
1.56595
-1.43068
-0.352142
0.115677
0.654784
1.39113
-1.94813
1.11293
0.596921
-1.4162
-0.0180144
0.410532
-0.366797
-0.109337
0.851842
0.179595
-0.257224
1.26604
0.259069
-0.49638
-1.87228
-1.22101
-0.551227
-0.149896
0.523
-0.0662644
0.124422
-0.471461
1.76139
-1.87238
-0.608882
1.30757
0.117554
1.24488
-0.250389
1.22916
-3.14464
-0.238167
2.01739
-1.1976
-1.73012
1.13048
0.17876
-1.24213
-0.123338
-0.694915
0.68257
-0.383444
0.495077
0.275505
0.412355
0.780088
-0.529355
0.482697
-0.56014
0.415174
0.146836
0.659037
-0.281437
0.476453
-0.202328
-0.218165
0.929229
0.528892
-1.16177
-0.596879
1.04497
-1.18465
-0.615272
-1.53945
-2.44789
0.38504
-0.774754
-0.178942
-0.304279
0.869701
-0.117187
0.551896
-0.355195
0.118328
1.20933
0.451972
-1.21346
-0.29627
-0.856021
-0.0220893
-1.42403
-0.68368
-0.982985
1.02776
-0.208207
-1.15534
0.448572
0.750447
1.89371
0.932777
0.740486
-1.08788
-0.342312
0.26894
0.89169
0.138294
1.85037
0.749517
-0.541247
0.909655
-0.351617
0.0804906
1.06243
1.04208
1.80603
0.442208
1.04391
-0.729194
-0.19345
-0.276033
0.919534
-2.34357
-0.221223
-1.14838
2.06745
-1.47656
0.37872
0.133916
0.0736639
0.703683
2.37866
-1.03746
-1.97546
0.576208
-0.578824
-3.28929
-2.25336
2.02598
-1.22635
0.893596
-0.468128
1.13441
-0.973825
0.0132129
-0.998585
-0.704715
0.0998089
-0.517899
-0.40292
-0.49987
0.0267487
1.3753
-0.372479
-1.65116
1.34757
-1.04198
1.98736
-0.315747
0.523502
0.489875
-0.223391
1.66378
0.10071
-0.521469
-1.48928
-1.17802
0.833981
-1.40188
-1.34741
-0.815507
1.10494
1.56259
-0.353766
-0.596863
0.37165
-1.00473
1.85078
0.704016
-1.53322
-0.257197
-0.422859
0.820425
1.51301
-0.934153
0.392512
-1.55812
-0.408716
-0.324248
-0.142247
1.34132
0.19074
1.24138
-0.0860077
0.391044
-0.455022
0.714097
-0.69181
-1.71728
-1.01804
0.697009
-0.737884
0.235489
-1.34748
1.57914
0.293633
-0.0422278
2.45944
-0.102559
-0.645947
2.29712
1.38883
0.497041
0.497414
-0.552158
1.50001
1.60836
-0.567371
0.202789
-1.18648
-0.821827
-0.307694
1.8899
0.536255
-1.50929
-0.385515
-0.722008
1.49663
-0.156585
-0.37773
0.645456
0.880594
-1.61445
0.83122
0.0936527
1.59705
-0.269047
-0.105659
0.0762517
-0.917878
-1.46959
-0.92052
-0.0853565
0.698863
-0.399562
-0.280361
0.449421
0.209436
-1.90246
-0.577883
1.02178
0.60292
-0.261632
-0.130741
-1.24561
0.0056245
0.176697
-0.892139
-1.48338
-0.887569
0.0149554
-1.04214
0.368153
0.387215
0.966198
0.737038
-0.504998
-0.49435
1.11272
1.58679
-0.115688
0.416688
-0.889691
0.660934
0.174675
-0.199218
-0.149159
0.928431
0.108559
0.703978
-0.941093
1.70955
-1.0001
-0.120011
-0.445024
1.70107
0.623977
1.03373
0.642635
0.227338
-0.311557
-0.778941
0.616108
-0.322282
0.486613
-1.13979
0.0381692
1.6026
1.287
0.0532462
-0.104939
0.0186246
0.841498
0.977805
-1.31625
1.65385
-1.37194
0.598584
-2.11819
-1.06646
-0.923946
-1.03494
1.26627
-1.22802
1.30351
-1.2899
0.489304
0.256702
1.71714
0.231737
1.35451
-1.65921
-1.07901
1.65239
-0.673266
0.839215
-0.737894
-2.79667
0.2593
1.06462
-1.57771
-0.557967
0.745155
0.747535
0.749816
1.05914
0.358878
-0.872226
-0.70448
-0.588031
0.60539
-0.154518
-1.20893
0.526995
0.693118
0.136537
-0.337648
-1.37046
0.916207
0.742368
0.908477
1.69666
-1.15209
0.53063
1.82014
0.997381
0.21571
1.54913
-0.635588
0.25976
-1.77819
0.358832
0.0527115
0.0467691
-0.401499
-0.149923
-0.146813
1.49491
-0.206508
-0.606597
-0.807129
-1.57633
-0.144429
0.174216
-0.877025
-0.552746
0.26586
0.16289
1.32701
0.0830631
0.134539
2.10818
-1.82758
-0.229289
-0.028989
0.401495
-0.297435
-0.562537
-0.13637
-0.531843
0.100083
-0.0694596
-0.655513
-1.20386
-2.73565
0.235145
-0.963866
-1.35391
1.25603
-0.0767042
-0.0793171
-1.07431
-1.36096
-0.798095
0.719582
0.415181
1.22909
-0.85508
0.414783
0.759348
0.303486
0.452251
-0.51817
-0.864863
-0.499816
-0.588629
-0.53715
2.21721
0.188976
-0.940616
-1.60705
-1.72012
-1.09405
0.854063
0.94402
1.04083
-0.790137
1.37107
0.234584
-0.793586
-0.301197
0.554905
1.04831
-0.113457
-1.09728
-0.413531
0.427173
0.549943
1.65349
-0.091721
-0.774356
-0.55914
-0.814908
0.884252
0.0606076
0.0264218
-0.358655
0.188826
0.25973
-0.931954
0.601637
-2.09277
0.4792
0.0619007
-0.885071
0.985963
0.984612
0.162533
0.813101
-0.707275
0.0902624
0.598132
0.587149
-0.0150849
-1.42632
1.19235
-0.365964
1.38539
-1.13328
-0.343121
0.135867
-0.995884
-0.268384
1.27472
0.412466
-1.3726
0.829578
1.32115
0.222812
0.10908
-0.140516
-0.752362
0.855733
0.542432
1.4737
-0.79825
-0.573426
-0.0242778
0.495963
1.03433
-0.0669641
-1.14048
-0.292082
0.424504
-0.71243
-0.171195
-0.989599
-0.772044
0.0444081
-0.148396
-0.351841
1.22792
-0.922524
-0.801444
-0.0994813
0.0997319
-1.20472
-1.18375
-0.522643
1.51036
-1.47386
0.835279
-0.868782
0.739524
1.42472
-0.497696
-0.225677
0.361783
0.0921475
0.870905
-1.96325
-0.0552332
-0.303618
-1.47852
-0.594775
0.220448
-0.565211
-0.177916
-0.914278
-0.0733605
0.169725
-1.1465
1.85983
0.085532
-0.705192
-0.786437
2.26643
0.402778
0.948525
-1.60656
-0.829416
0.913994
-0.176646
0.880766
0.191579
-2.64269
1.17461
-1.36869
-1.13187
0.706597
0.117098
-0.250157
-0.267556
0.124771
-0.298456
0.908815
-1.35136
-0.940524
0.448986
0.24269
0.450855
-0.716447
1.24904
0.122781
0.178015
0.0892451
-1.76435
0.977284
-0.74441
-0.222889
-1.1697
-1.58538
-0.153213
-0.460302
0.406815
-0.935518
0.157419
-0.293416
-0.981581
-0.94601
1.87172
0.525843
-0.598534
-1.2535
0.298009
-0.169088
-0.496904
0.212098
-1.32864
-1.29249
-0.555909
0.359186
0.960333
0.889273
-0.527217
0.527898
0.514563
0.675091
0.341452
0.286629
0.670345
0.090541
0.277143
0.264914
1.51937
-0.837423
-0.643488
0.678419
-0.763225
-2.38686
-0.137649
-0.180647
1.21337
-0.970256
0.433831
-1.10773
-0.986028
-0.719853
-2.38489
-1.18735
-0.510315
-1.45845
0.0138263
0.568997
-1.37063
0.389338
0.67602
-0.332345
-0.368268
0.321961
0.2188
1.42089
0.76709
0.255818
-0.292714
2.03033
-1.37706
0.0421144
-1.40367
-0.00599201
0.39271
-0.0627796
-1.46786
-1.75757
2.09614
0.306651
-0.735556
0.75611
-1.28604
-0.420761
-0.419887
-0.412043
0.405609
1.10533
-0.723258
-0.616637
-0.132833
0.888404
1.07881
-0.851391
1.37921
-1.98206
-2.71465
-0.289576
-0.293659
0.0184777
-0.62155
0.0282198
0.320757
-2.28137
-1.1082
0.351083
-0.35114
0.890123
0.770106
-1.17446
-1.64861
0.831895
-0.0231635
-1.16628
-0.787067
-0.763043
-0.748604
0.592754
-0.056594
0.760145
-0.483719
0.736197
-1.6054
2.52682
-0.274731
0.0762277
0.0218362
0.0091331
-0.907712
1.12604
0.00249988
-1.2265
1.10072
-0.114806
0.208435
-0.460499
1.2503
1.92731
-0.031219
0.348727
-2.34735
0.407837
0.369818
2.30088
-0.203098
0.330361
-0.940818
-0.461871
-0.761874
1.15198
2.25165
1.11428
-0.217809
-0.11313
0.594562
0.230094
-0.497431
-2.26787
-0.018933
0.00160932
-2.1021
-1.32577
0.318183
1.62255
1.7914
0.53803
0.371044
-0.6026
-1.77663
0.869004
-1.05049
1.45781
-0.895639
-0.622608
-0.386558
1.18831
-0.089469
-1.61238
0.419982
-2.64038
-2.3288
0.272667
0.0298796
1.58387
-1.03924
0.0763173
1.69288
-1.25116
-0.308111
0.279403
-0.260213
1.07736
-0.458548
0.412705
-2.05752
0.0321816
0.402732
-1.20942
1.60835
1.22074
1.25878
-0.362767
-1.68362
-0.731256
0.894694
1.19205
-0.1163
-1.1394
0.751053
0.992553
-0.842252
-1.00145
2.17923
0.414062
0.903091
-1.2859
-0.175712
-1.85774
1.42595
-0.0387324
0.200598
-1.33839
-0.0682228
-0.110148
1.28573
1.21151
-0.117688
-1.07745
-0.936637
0.919373
-0.414423
-0.322252
-0.35815
0.28143
0.12863
0.819618
-2.10532
-0.544577
0.313373
-0.838332
0.330625
-0.193889
-1.0991
1.11028
0.00327627
1.99963
0.359975
0.536264
-0.0171821
0.302784
-0.465002
0.772914
0.310551
0.531484
2.64549
-0.351458
0.629935
-0.851442
-0.537407
0.259541
-1.20049
0.994625
-1.04892
0.726402
-0.101222
0.355496
0.364057
0.919333
1.78654
-0.734378
1.18669
-2.08785
-1.47228
0.149474
1.4973
0.514286
0.990164
0.101045
1.29227
-1.59424
-0.307144
0.797925
2.38908
-0.297874
-0.367458
-1.69357
-1.89116
-0.664137
-1.28067
-0.997308
-0.623721
0.226236
0.253643
0.500373
0.159543
-1.16097
-1.83375
-0.52763
2.32939
1.66636
1.36644
1.67461
1.82665
0.0880398
1.52387
0.0833283
0.0890844
-0.445975
-0.525247
0.322632
-1.69595
0.135802
0.237845
1.80337
0.612983
0.385318
1.59164
0.441164
-1.08672
-0.426268
-1.08005
0.715128
0.865993
-0.39372
0.51173
0.531023
-1.16272
0.453433
0.702528
0.651259
0.539321
0.253861
-0.266677
1.94294
2.47994
1.65676
1.67924
-2.05811
-0.207564
-0.392112
0.0650289
-1.47599
0.267967
-0.375664
-1.52796
0.939349
-1.2563
0.626325
2.37846
2.07513
0.0916363
1.77648
-1.14403
-0.518386
-1.65035
0.516816
2.57603
0.353083
-1.05008
2.17575
1.4231
0.586216
-0.954051
1.52526
-1.21187
1.04356
0.888814
1.67651
-1.26572
0.439141
0.977739
0.0936624
-1.24648
0.542809
-0.256524
1.07831
1.79873
0.630023
-1.14819
0.791079
1.84235
-0.686281
-0.651548
0.564304
0.834333
0.13713
-0.916315
0.681062
0.197476
-1.26347
0.473628
-1.54285
1.61363
1.16827
-0.573031
2.55416
-0.957088
-0.868496
0.267582
-1.15728
-0.138599
-1.34078
-0.0790943
1.39074
0.0974331
-1.01619
1.20047
-0.684486
-1.20789
-0.366577
-0.756765
-1.3536
0.0565741
-0.377882
-1.18238
-0.364162
-0.452435
0.235825
0.447938
-1.68389
1.53784
0.0974701
0.769523
1.71654
-1.97719
0.441614
1.05726
0.886105
-2.25529
-0.104757
-0.524272
-0.349946
-0.488755
-1.32097
-0.284866
-2.07873
-0.970691
3.20565
0.002319
0.249596
0.0660679
0.319416
-0.15597
1.69727
0.877159
-0.244964
0.186452
0.0915417
0.648272
-0.795382
0.769659
0.45295
1.34455
-1.22011
1.2491
0.00958213
0.404051
-0.565534
0.882019
1.66624
0.170456
-0.127072
-2.25907
0.575425
0.400147
-0.0734073
0.817189
-2.71912
-2.53383
-0.0910329
-1.92088
-1.14133
-0.457555
-0.557257
0.650448
-1.66098
0.74453
1.00633
-0.26592
1.37778
-0.418482
-1.31251
-0.85491
-0.122191
0.530257
0.363822
-0.761154
-1.85485
0.664949
0.675609
-0.0585662
-0.469915
0.691878
1.57033
0.31731
0.15845
0.285443
-1.71754
0.276706
-0.300808
-0.217956
-0.590097
0.430357
-0.303347
-1.21736
-0.492007
0.607557
-1.00631
-1.11831
-0.371331
-0.328258
-0.22613
-0.576047
1.13977
1.21973
2.04041
-1.26013
0.261233
-0.264497
1.25284
-0.457695
-1.66692
0.749292
0.632862
-0.0968929
0.88046
-0.299998
0.0233994
-0.807633
-0.185402
-0.679984
-0.372963
0.0401107
-0.340115
0.0320006
1.44343
-0.455508
0.298586
0.556338
-0.254973
-0.561988
-1.23258
0.118064
3.1895
-0.086087
-1.06973
-2.48524
0.684134
-1.3817
-1.33116
0.306494
0.946513
-1.49872
-0.87527
0.590753
1.58487
0.430421
-0.592706
0.0656731
0.0914104
-0.199185
-1.89541
-0.847481
0.393906
-1.70855
1.05236
1.25816
-0.221053
0.699203
0.153225
-1.12542
-1.11449
0.724718
-0.49108
-0.742954
-1.05573
-0.549594
-1.11786
-0.288857
0.280371
1.55449
-0.00259007
-0.00945333
-1.18348
1.15991
-1.21582
0.170623
-0.122045
-0.196749
-1.02499
0.138949
-0.810189
-1.06394
0.746922
-0.216099
0.347071
-0.957668
1.7735
1.57046
0.111912
-0.358192
-0.733246
-0.137168
-2.04239
-0.202341
1.12622
-0.336761
-1.22128
0.902324
0.458632
1.43646
1.16618
-0.09138
0.461175
-0.748589
1.35807
1.92417
-1.10712
1.70833
-0.111081
0.685616
-1.84704
-1.03906
-0.405477
-0.658381
0.205332
-0.215923
-2.32931
0.822191
-0.463721
0.880501
0.372125
-0.182035
-0.314341
0.858907
-1.19599
-0.454679
-0.755199
-0.795265
-0.164702
-0.236722
0.522582
0.163475
-0.365842
-0.926945
-1.02053
-1.82174
0.171301
0.303633
-0.566464
1.0257
1.9395
1.37866
0.692538
-1.05838
-0.291049
-1.11048
1.42903
2.51443
-0.900443
-0.996751
1.12756
-0.721239
0.808973
0.452149
-0.677218
1.80456
-0.611284
1.15912
-0.05536
-0.113485
-1.13633
2.3377
1.19545
1.97701
1.76682
0.630985
0.432277
-2.12998
-0.777207
-0.41942
0.846113
0.105934
0.0903258
-0.722531
-0.723399
0.0482082
-0.158488
-1.55708
-1.53839
-0.347505
0.428857
-2.17299
0.367265
0.134023
0.0478741
-0.76038
-1.32798
-1.56321
-0.662381
0.797154
-1.12716
0.40955
0.793166
-0.335706
-1.73964
0.760796
-0.0931221
2.6377
-0.512041
-0.485305
1.75789
0.854748
-2.03268
0.413025
-0.552907
-0.489148
-0.184407
1.0531
0.245204
-1.01342
-0.114769
1.68722
-0.380939
0.981079
-0.424275
-0.549241
-0.493284
-0.454612
-0.78705
0.0109191
-0.629733
-0.687319
-0.621658
1.14644
0.00831706
0.103521
0.0243527
0.14778
0.188148
-2.39294
0.798865
0.398266
-0.314935
-1.19955
-0.158284
-0.0363428
-0.860605
-0.919189
0.960327
0.452275
1.50519
-0.465537
-1.63666
-0.620626
-1.39075
-0.283657
-0.620172
-0.082742
0.100357
-0.631236
-0.824192
-0.0650821
1.59548
0.232812
-0.985516
1.61627
0.133591
-1.65631
-1.00759
-0.661771
0.0376123
1.29938
0.869288
0.021636
-0.475217
0.375539
0.683686
1.42288
0.172685
0.958555
-0.521328
-0.516679
0.562213
0.064128
0.218192
0.588962
0.217277
0.812246
0.789761
1.93795
1.13311
0.728513
-0.680843
0.185103
-1.12638
0.745261
-0.227201
-0.0218402
1.6094
0.340545
0.197777
0.218371
0.111956
0.0433738
-0.140508
-1.16303
-1.48652
0.820412
-1.51707
-0.753226
-1.37471
-0.73369
-1.05
-0.144201
-0.312422
0.689894
-1.37807
0.597952
1.40151
1.95784
-0.250852
1.13013
1.47513
-1.44079
-0.687762
0.47596
-1.04747
0.600943
0.659608
-0.93202
-0.566801
-0.200737
0.161848
-0.562137
-0.754041
0.478848
0.100232
1.08745
0.0500195
0.248571
0.602025
-0.618133
-1.45115
-0.197343
1.74704
0.443768
-0.969022
-1.02532
-0.278473
0.734812
0.421066
0.684733
0.506456
-1.31828
1.46637
-0.233585
-1.30595
-1.21133
-1.39416
-1.19956
-0.196033
-0.0879043
-1.8834
1.56521
0.316814
0.137157
-1.44375
1.78782
0.246835
0.383972
-0.582081
0.41405
0.585749
-0.629781
0.593612
-0.354752
-0.773129
-0.281266
0.31994
-0.905357
0.195021
0.985251
1.02568
0.989545
1.5176
1.40902
-0.179988
-0.291976
0.070939
-0.216732
-0.124157
0.171024
-0.438433
0.514558
-1.46944
0.561046
-0.480683
-1.53281
-0.704833
0.941759
2.12479
1.57434
0.178969
-0.242219
0.493379
-0.267453
-0.731656
0.72066
-0.0120787
-0.674467
-0.454362
0.716773
-0.821717
1.51113
0.0671613
0.716311
0.516295
-0.863342
1.53323
0.358612
0.359192
0.24302
-1.05759
0.166962
1.56705
0.147354
-1.32917
-0.881183
0.561535
0.0654653
0.767283
-1.09176
0.201416
1.11508
-1.71368
1.32295
-1.07098
-0.160572
0.199893
0.47064
-0.771638
0.351995
-1.11277
0.104222
-0.539795
1.09741
-0.604979
-0.11882
0.0909013
-0.0733415
-0.691898
-0.507159
-0.452465
0.414124
0.643515
-1.70939
-0.25431
-0.190304
0.762759
0.0369879
2.27829
0.729589
0.217828
0.468431
0.117694
-1.12735
0.583368
-0.507767
0.232913
-0.152237
0.0518773
0.30802
-0.340999
-1.76047
0.325024
0.610613
-0.124906
1.40888
-2.31715
-0.360027
-1.50967
1.09214
-1.10667
1.45949
1.21443
-0.0587888
-0.820061
0.0538281
0.267716
-0.148646
-1.18952
-1.23042
-2.22939
-0.137639
-1.4201
-0.513008
-0.384752
0.916868
-0.976062
1.06547
0.176506
1.25762
-0.333692
-1.21929
-0.143955
0.0107146
0.294037
-0.911895
-0.213231
-1.63367
-1.47818
0.861772
-1.57597
0.516287
0.296553
-0.139952
-1.52499
1.23017
-1.05958
-0.269335
-0.229155
0.483589
-0.147666
0.114358
-0.783684
-1.17229
-0.588262
-1.45478
1.69529
-1.03269
-1.36355
0.669417
0.937393
0.395351
-0.693181
-0.535496
-0.686091
-2.64747
2.77719
-1.13656
-0.00801801
-0.594064
0.916991
-0.449945
0.436963
2.01192
-0.480613
-0.26879
-0.169566
-0.0599955
0.0248838
0.346731
0.694507
-1.19887
-1.40942
0.585645
0.562215
0.459507
0.283098
0.555575
-0.0789454
-0.998293
-1.61219
-0.353892
-0.0658103
0.660234
0.104494
1.76812
-0.803908
0.636555
2.3564
2.49066
-0.151691
-0.449028
-0.284864
-1.13237
0.735959
0.336122
-0.343327
0.151996
-1.07155
0.217164
-0.43261
-0.00186885
-1.33078
0.853369
-0.267486
0.539887
0.338443
0.282497
-0.502969
1.92829
-0.69222
0.240789
-0.272975
-0.170822
0.702946
-0.381404
-0.126538
-3.28908
0.705989
-2.05803
-0.0171448
0.580956
0.677069
-2.28792
-0.274274
-1.47563
-0.984447
-1.15096
-0.888969
-1.04394
-0.797231
-0.876234
-0.0551919
1.03652
0.0683926
-0.230735
1.28434
0.867039
0.840911
-0.315751
1.14629
-0.0671814
0.788623
-0.586619
-0.602062
-1.35207
-0.647598
-0.204696
0.748403
0.69792
-0.982317
-0.928849
-0.248188
-0.118023
-0.831368
1.15345
-0.550592
-1.45113
-1.15908
0.337571
-0.240192
-0.545496
-0.727488
-0.598403
-0.463254
-0.685597
0.624864
-0.567056
1.49305
0.708532
0.528271
0.526695
0.0805223
-0.453649
0.890462
0.156505
0.946214
-0.699252
-0.255989
0.765412
1.90238
1.36781
-0.338344
-0.0368518
1.32558
0.976631
-0.80164
-0.156902
0.829812
0.319263
0.0735912
1.15719
0.863865
1.00274
0.584166
-0.980897
-0.0422648
0.21766
0.999768
0.84449
0.381572
2.35115
1.51125
0.101169
-1.31434
0.606514
-0.715398
0.924208
0.349217
0.540508
-0.295327
-0.328019
1.35014
0.818712
0.19822
0.777901
-0.306206
-0.593694
-0.558896
-1.60391
0.0879851
-0.0328823
1.43479
0.111834
-0.968219
-0.177167
0.639916
1.19442
-0.441908
-1.00031
0.742187
-0.970926
0.164698
-0.926642
0.0810981
1.4651
-0.184876
1.39712
1.57934
0.279456
0.264854
0.817416
-0.838452
-0.968404
0.651219
-0.069939
0.76814
-0.796588
-0.892053
-0.712261
0.233078
-0.570676
2.77829
0.201845
2.2559
0.324835
-0.857497
1.01795
1.97471
0.0375443
0.360729
0.660978
-0.865573
-0.290322
0.417134
1.8353
0.995033
-0.169284
-0.201539
0.943026
-0.0858939
-1.02553
1.30724
-1.09779
-1.31362
-0.250882
-0.652766
-0.766726
0.259592
1.157
-0.513769
-1.21308
1.2838
1.02362
0.147889
1.0027
-0.223872
0.589209
-0.469351
0.301821
-1.27832
1.12051
0.79112
1.69524
-1.53783
-0.777561
1.53539
0.84061
0.142903
-0.854786
-0.132226
-1.22899
-0.92546
0.27468
0.179415
0.497951
-0.189688
0.153782
-0.836358
-0.103382
0.323335
-0.0325424
-2.704
-0.492883
-1.91536
-1.40788
-0.392673
0.278489
-2.01967
-2.78136
0.560519
0.441918
0.308123
0.24648
1.22272
1.22233
-0.31284
1.11384
0.762293
-1.4306
0.337152
0.0643462
0.945691
1.18456
0.322017
-0.398123
-1.45448
1.65699
1.48666
-0.0773515
0.791307
1.38144
1.67191
0.112289
-0.429772
0.293196
0.154333
-0.0969434
-0.716144
0.00539738
-0.512085
0.198374
-0.497672
0.0277263
-0.310598
0.149485
0.75826
-0.170899
0.367605
1.1657
-0.349954
1.97949
-1.33808
0.693615
-0.851569
-0.997337
0.920711
-1.31445
0.0259395
0.159592
-0.850297
1.20747
0.651417
1.79612
0.21873
1.8288
0.260234
-0.00644741
-0.566206
-0.551129
-2.57415
0.963529
-0.405424
-1.48686
0.193404
-0.225069
-1.48101
0.648852
-0.125385
-0.0511063
0.292139
-1.11893
-0.169868
2.54438
2.52284
0.884572
0.644667
-0.250374
1.08143
-1.18217
-0.215092
0.25495
-1.05688
-0.397992
-0.801994
1.42451
-0.555573
1.09339
-1.41762
0.555169
-0.518713
-0.61381
-0.445124
-0.807408
-0.494177
0.362066
-1.70774
-0.165922
0.39626
0.321239
-0.564151
-2.49314
-0.933114
0.383431
-1.13535
0.114491
-0.716427
0.513456
-0.210032
-0.299943
0.376292
2.52294
1.09121
-0.0617818
0.622783
0.225661
-1.10696
-0.900313
-0.452579
0.683777
-0.584849
-0.587938
0.269581
0.895626
0.331426
-0.134248
0.133456
-1.33339
-0.499278
-1.95868
-0.757033
1.03244
-0.515128
0.578644
-1.6952
0.707943
-0.548068
-0.146977
0.674742
0.278142
1.96123
-0.96702
-0.398942
0.0688609
0.952846
0.816878
0.372696
-0.0444518
-0.631498
-0.225887
0.5493
0.293206
-0.396586
0.0559677
0.762435
-0.808679
0.386245
0.522222
-0.686934
0.852884
0.58906
0.551818
-1.32804
0.6398
-0.297893
-1.06865
0.252278
0.0372707
0.171467
0.789522
0.489429
-1.79104
0.196843
1.1379
-0.267542
-0.662113
0.356958
0.707171
-0.494554
-0.517919
0.356697
1.14487
0.270193
-0.962585
0.0941449
0.192629
-1.0077
-1.67664
0.582088
0.729456
1.24073
-0.327663
-0.0293887
-0.200388
-0.780348
-0.966905
0.37664
-0.405572
0.193724
0.753678
-0.58945
-0.681671
-0.884638
-1.35817
-0.454904
0.0997293
-0.417178
-0.449676
1.16368
0.523534
1.49581
0.669609
1.76955
1.42609
-0.182444
-2.37313
-0.414303
-0.221543
-0.874666
2.20685
1.08026
1.39326
0.557087
0.0683423
-0.766252
0.680298
1.07497
-1.24649
-0.541708
1.64377
0.119922
1.0098
0.043015
1.78322
0.421363
-0.103492
-0.185462
1.13599
0.194781
-0.0300886
-0.0900377
-0.898689
0.378098
-0.649792
-0.106823
-2.69318
0.332766
2.79945
0.318848
0.872155
-0.244122
-0.11594
1.22963
-0.714474
0.981646
0.680325
-1.25669
-0.591312
-1.80919
0.0774596
0.0466764
-0.868679
1.31036
-0.987319
-1.53135
-0.860078
-1.2162
0.499432
0.867465
-0.129729
0.358446
-1.2498
-0.378861
-0.963659
0.806548
1.4544
-0.0845286
-0.486154
1.56339
0.131919
-0.168954
-0.932012
1.47466
0.096472
-0.534354
-0.00753985
0.537462
-0.862131
0.41413
0.121908
0.516517
0.694501
-2.34069
1.06866
-0.73648
0.633344
-1.65056
-0.517891
0.566712
1.27472
0.13113
-1.60059
0.287441
-0.864671
1.06838
1.40853
1.73568
-0.656676
-0.105218
-2.06015
0.0479829
1.32536
0.655456
1.01656
-0.232621
0.0421821
-1.54086
0.0590612
1.29611
-1.84558
-0.707301
2.91355
-1.71608
0.964977
0.867065
-0.75466
-0.144657
0.943839
-0.225213
-1.39075
0.161012
0.722267
0.433272
-0.382668
-0.219165
1.06882
-0.714054
0.943137
0.686002
1.09511
1.04608
-1.14158
1.93416
-1.9164
-2.02987
1.20543
1.41811
1.11704
-0.932149
0.942825
1.64904
-0.783631
2.26599
0.10406
1.79903
-0.60707
0.325382
0.811754
-0.241603
0.256225
0.552453
-0.401413
0.751879
-0.0869987
0.186419
0.0626459
1.26446
-1.75695
0.293474
0.778304
-0.703949
-1.68976
1.69384
1.13829
0.62922
-0.847642
0.316707
0.278023
-1.31056
1.3605
-1.50228
-1.65357
-1.19551
-0.43923
-0.293114
1.19659
-1.72074
-0.480884
-0.503727
-2.22751
-2.09779
-0.0746284
-2.07857
1.70317
0.303336
0.227766
0.611473
-1.03401
-1.67528
-0.60772
-1.03513
-0.958986
0.728239
-0.517294
0.506439
-1.39977
0.733664
0.348333
-2.28382
-0.392832
-0.167156
-0.704391
0.727946
1.7389
-0.45858
-1.04156
-2.14778
0.635695
-1.66698
0.0540358
0.226155
0.240618
1.01532
0.357662
0.530834
0.560583
0.0300032
0.707417
2.31023
-0.30093
1.36928
0.683646
0.418774
0.277563
-0.262384
0.755719
0.453045
-0.189868
1.25354
1.05719
-0.772711
0.0762055
1.31396
-0.300306
-0.446663
0.251834
0.307797
-2.39655
-1.30726
-0.131447
-1.10641
0.408869
1.25128
0.0394042
0.7594
-0.598492
0.670792
-0.882878
-2.09331
1.70861
0.344204
-0.554879
-0.45671
0.411133
1.29703
-1.48942
1.24664
0.928494
-0.245106
0.244135
-1.28896
0.0214446
0.0188344
1.64447
0.571502
0.151443
-0.996345
-0.133701
-0.520442
0.178907
1.07529
0.940022
-0.0151909
-0.302799
0.0550258
0.886017
-0.422269
-0.222495
0.852892
0.074024
0.352789
-0.802103
1.29648
0.588223
1.14314
0.439844
0.76009
0.294608
-1.45171
-2.6867
-0.221078
-0.399432
0.119516
-0.653505
-0.77963
-1.49267
0.400422
-0.0525178
-0.0663051
0.198867
0.612222
0.411781
1.29875
1.00098
-1.9276
0.475314
1.28615
1.27327
0.856095
0.317732
0.984615
0.338265
0.262468
-0.522216
0.494515
-0.462869
-0.275837
1.34996
0.609647
0.158273
-0.89233
2.17402
-0.367147
1.68063
-0.796285
0.570375
-2.30208
-1.13948
-0.279556
-0.653963
2.28462
0.404051
0.493796
0.568449
-0.0705065
0.0343376
-0.712212
-0.178352
-0.197163
-0.02501
-0.54796
0.682806
1.41149
0.305314
-0.400706
0.151015
1.27582
-0.119506
0.532782
0.388501
1.25309
0.225155
-1.13519
-0.62233
1.3126
0.750823
-0.515367
-1.04073
1.02297
2.53871
1.29265
0.143184
-1.39539
-0.519186
-0.383538
-0.866406
0.0950391
0.699584
1.27535
0.433697
0.0512514
-0.343679
-0.976132
-1.66467
-1.38149
-0.560582
-0.406967
-0.680799
0.893732
-1.70579
-0.685105
1.13153
-0.974043
-0.861485
-0.11197
-1.13053
0.408838
1.39399
-0.716214
-3.19866
1.72744
0.0259062
0.988022
-0.738499
0.840556
1.83351
-0.24804
-0.72068
0.0146496
2.02343
-0.0651409
0.361363
0.716556
0.708293
-0.130257
1.1601
-0.826626
-0.689994
-0.534164
2.0894
0.639449
-0.075406
1.14779
-0.425435
-0.172751
-1.07242
0.737002
-1.15443
-0.130961
-1.42508
1.56857
-1.17866
-0.0983223
0.50884
1.62714
-0.337597
0.260751
-0.240945
-0.256785
0.373762
-2.12207
0.677478
0.0116569
-1.20404
-0.219016
0.269293
1.2707
0.379086
0.354498
0.308818
1.25386
0.808232
0.0703438
-0.89205
0.103979
1.31474
1.595
0.0508214
-0.0422392
0.0723031
-0.366155
0.616081
0.588267
1.44457
-1.12392
1.67112
-0.272868
-0.748714
-0.683305
1.52781
-1.09633
0.518979
0.450848
1.32533
0.595867
-0.280148
-0.345051
-0.130022
-0.318816
0.501945
-1.32377
-1.4257
-0.0931612
-1.0187
0.724187
-1.28358
1.00574
0.291043
0.598392
-0.23068
-0.153224
-0.498877
-0.817549
-0.754245
0.920321
-0.118063
-0.98831
-0.836976
-1.24488
-0.271075
0.174375
-1.92398
-1.14452
-0.0533606
-0.920458
0.602286
-0.714484
-2.08032
-0.663156
-0.796175
-0.154863
0.419742
0.785743
-0.551337
1.3547
0.0300973
-0.631815
0.257243
-0.317952
-0.0574167
-0.503245
-0.259819
-0.575542
-0.869594
-0.286684
0.688542
0.295409
0.644855
-0.218135
-0.765314
-0.520078
-1.06064
-1.086
0.130923
-0.626022
-0.699271
1.57659
-0.281422
0.429756
-0.0128275
2.08892
0.969567
0.424978
-1.19866
0.53022
-0.260122
0.756185
1.20287
0.545243
0.9983
1.53087
0.250906
-0.00241522
0.63496
0.368433
0.00246276
-0.51449
1.86387
-1.29623
1.12839
0.258469
-1.10537
-1.33543
1.13327
-0.356001
0.917589
0.734864
-1.13186
0.646795
0.39695
-0.210313
0.711051
0.258665
1.05836
1.04046
0.992254
0.0992872
-0.199233
1.04482
0.591623
1.67231
1.17825
1.02882
1.64774
-0.884333
-0.40883
2.56789
-0.659821
-0.470013
0.449953
-0.22157
-0.957734
-0.564538
-1.51314
1.97797
-0.279438
-0.411012
0.812883
-0.605442
-1.61118
0.833522
-0.866602
-0.34566
-1.14881
-1.66211
1.91921
-1.36296
0.657991
0.0692297
-0.62384
1.04729
0.544363
0.398262
0.278602
0.0232812
0.922513
1.76554
-2.13379
0.922238
-0.666919
-2.10936
0.129161
-0.816759
-1.06871
0.276099
-0.234151
-0.355475
0.899807
0.85506
-0.858251
-0.00242247
-1.42342
-2.08242
1.127
-0.690755
-1.10464
-1.00049
0.0755551
-0.199216
0.28326
0.362446
-0.886909
-0.823091
0.680876
0.810014
-0.683012
-0.617479
-1.86991
0.940024
0.544929
0.78609
-0.736695
-0.706393
-0.189631
-0.554755
-0.872162
0.845909
0.350191
-0.119606
0.147033
0.329647
0.069289
-1.58387
0.529112
-0.794939
-1.78592
-0.991604
0.163073
-0.950619
0.0618241
0.0309585
0.318259
-0.82505
0.496611
0.797478
-0.642535
-0.28806
0.120604
1.45189
1.71909
1.79259
-0.465222
1.4263
-0.584086
1.14929
0.269308
-1.10733
0.50362
1.36628
0.346416
-0.265416
-0.194245
1.37285
0.75024
-0.0162149
-1.62884
-0.0648222
0.713711
-0.580616
1.34561
0.709092
-0.645019
0.155373
-1.04797
0.283749
0.877909
-1.71319
-0.412124
-0.0480451
-0.363893
-0.308324
-1.25038
1.4649
0.952756
1.55113
-0.323903
-0.0283604
-1.09243
-0.451528
0.0809378
-1.73987
-0.451828
1.03104
1.14843
0.327481
-1.4241
0.254037
-0.554058
0.111678
0.0832184
0.000625139
-1.37346
-0.0201795
-0.174009
0.437074
1.72592
-0.695493
1.097
-0.0577521
1.02082
-0.940055
-0.999471
-0.432031
-0.332727
-0.712246
-1.78979
0.577839
0.399619
1.21172
0.236811
0.463743
-0.48547
-1.60814
-1.2387
1.07476
-0.842715
-0.883615
0.698515
-0.343247
-0.913969
-1.5319
-0.147144
-2.28575
1.00323
-0.234384
-0.139089
-2.09604
-0.383704
-0.231316
-1.47932
-0.00504244
1.65695
-0.331334
1.6441
1.48989
0.991558
-0.316619
1.59968
-0.45573
0.265602
1.52851
1.76767
-1.236
-0.668724
0.449766
-0.474859
0.787539
1.27598
0.294952
-0.158686
0.367043
0.694763
-0.390679
0.167972
-0.182296
-1.58607
1.4008
0.0821896
1.46708
0.637956
-0.472482
-0.641821
-1.22494
0.0968164
-0.647711
-0.316958
-1.08542
0.0232788
-0.653082
0.798831
0.0103364
0.640424
1.62901
-0.494843
-0.00949995
-1.77066
0.142436
-1.37263
-0.680501
-1.36035
1.07666
0.393868
0.446486
0.499097
1.1233
-1.07345
0.671384
1.23438
-0.894777
1.49555
1.8844
2.04462
-0.47251
1.55682
0.718869
-0.669293
-1.26201
-0.689498
-0.807055
0.0688918
0.403428
-0.620605
0.271406
-0.574184
-2.12437
-0.70924
1.72636
1.20527
-0.262596
1.03474
-0.499607
0.979713
-0.294074
0.00594191
0.265667
1.16607
0.371643
-0.169586
-0.111625
-1.30338
1.46392
-0.45708
0.787759
0.141709
0.554786
0.488768
0.0515254
1.2835
2.67177
0.689242
0.118317
-0.075885
1.08254
-1.163
0.286379
0.648494
-0.54086
-0.698891
0.274432
-0.268009
0.220698
-0.830201
-0.539453
-1.24571
0.0125299
-0.486495
0.400213
0.849906
0.485093
-0.230402
-1.18697
-0.0639263
-0.924132
0.7791
0.202309
-1.55163
-0.936936
-0.382942
-1.07091
-1.69747
0.151704
-1.59775
0.904413
0.646503
-0.591378
-1.55035
-0.291234
-1.27897
0.439502
0.0113235
-0.146638
0.261586
-1.03011
-1.35814
-0.275943
0.344098
0.445744
-0.488155
0.223657
-1.21825
-1.69382
0.542977
-0.638089
0.159896
-0.037305
-0.0426247
0.886466
0.82749
-0.61804
-0.912074
1.21521
-0.326032
2.11383
1.19221
-0.839616
-0.457373
-1.30941
0.0211762
-0.924587
-0.41321
0.545077
0.670169
-0.0672934
0.0874669
-0.324156
1.33018
1.6183
0.686206
-0.239945
0.146573
0.89557
0.306629
-0.80284
-1.34467
1.30885
-1.00247
-0.937242
-0.599431
-1.60779
-0.247211
-1.0833
-1.43042
0.553774
-1.81051
-0.406716
-0.874138
-0.476721
0.397019
0.498606
-0.364986
-0.206752
0.558486
-2.75078
1.67825
-1.33859
0.609095
-1.95272
-1.93984
0.835298
0.448053
-0.303452
-0.524992
0.165968
-0.963298
1.3168
0.0491386
0.444215
0.623764
-0.32642
0.977248
0.701373
-0.728917
0.608755
0.0626848
-0.853039
0.242977
0.519408
-1.29537
0.569266
0.448786
0.189974
-0.0721532
-2.92006
0.0370805
0.943182
-0.285209
2.84307
-0.118949
0.0664462
1.29291
0.395192
0.671118
0.600343
-0.388272
-1.91755
-1.32166
0.763529
-0.41201
-1.0568
-1.20819
-2.27103
1.30502
-1.32207
-1.40155
-0.886881
0.311563
0.456556
0.660228
-1.10443
-0.107869
2.18172
-0.112398
-0.455856
1.80243
0.106484
-0.483775
-1.33333
-1.17077
0.304538
0.23582
1.80673
0.17378
-1.79732
-1.93494
-1.06822
0.394292
0.0558866
-1.98697
1.2406
-0.447239
-0.762247
0.401757
1.56828
-1.21549
-0.176232
-0.475106
-0.663653
-0.658903
0.282231
-0.797536
0.520862
-0.770999
-0.387118
0.556087
1.45059
0.782853
0.57169
0.927949
2.13651
-0.710749
1.40714
0.971907
2.10241
-0.513626
2.93394
-0.921852
-0.0638771
0.213147
-0.344147
1.31326
-1.18877
-0.238166
-0.842092
0.815312
-0.745641
-0.668558
0.771404
0.570223
1.23069
-0.284268
0.0898259
1.23813
0.940963
-1.6881
-0.167604
-1.35326
0.949728
-1.60897
1.40416
-1.49776
-0.799034
-0.0409639
-0.55256
0.25259
1.32288
0.985611
1.06005
0.272991
-1.15633
0.458615
-0.569893
0.883932
0.644269
2.21116
-1.02291
0.566822
-0.431989
1.20463
-0.472499
-0.216337
-1.12929
0.54799
2.05175
-2.36888
-0.31891
0.439054
-1.30725
-1.93746
-0.961463
-0.0729908
0.2262
-1.97338
1.0938
0.015171
0.0971629
-1.45353
-0.851825
0.532233
-1.82692
0.739747
-0.146088
0.735377
-0.964066
-2.65376
-0.199539
1.83517
1.11467
-0.969046
-0.134786
0.410655
-0.587565
-1.4469
0.766551
0.420599
-0.427679
0.786089
1.52656
-1.08197
0.775487
-0.965495
0.255841
0.834192
-0.841163
0.828416
-1.00045
0.161581
-1.31263
-0.011662
-0.386708
-0.669865
-0.90134
2.63789
0.690713
-1.03657
-0.535052
-0.182276
1.34221
0.427569
0.225461
-0.570112
-0.6302
0.500406
-0.49087
1.12831
-0.774316
-0.28669
-0.678817
-0.413905
1.11398
0.122382
-0.330429
-0.482418
-0.239897
-0.164519
-0.297736
-0.562956
0.401718
0.917267
-1.10414
-0.12169
1.10638
0.0761853
0.0732234
1.23541
-0.982208
0.496754
0.138265
0.322052
-0.328613
-1.0359
-0.0875899
-1.47781
-0.652141
-2.27814
-1.28567
2.64432
0.792549
-1.10051
-0.3288
-2.23797
1.61804
-1.61179
2.09089
1.7128
-1.27464
1.3884
-1.33684
-0.504944
2.2924
-0.206594
-0.486624
0.116216
-0.172134
0.229874
-0.524995
-0.726187
0.247611
0.933549
-0.725584
-0.00334633
-0.764466
-0.0721453
-1.56951
0.132523
1.38693
1.25502
0.895689
1.27584
-0.293918
1.80656
-0.393899
-1.73495
0.111483
-0.82399
-0.704539
0.188868
-1.45497
-1.63503
2.78006
1.89853
-0.74847
0.367339
-0.472288
-1.30417
1.07102
-0.220734
1.54704
-0.550697
0.0690849
1.83361
-1.6809
-0.192802
-0.227431
-0.83322
1.4544
0.174176
-1.77454
1.94704
-0.533013
-0.516351
1.01564
-1.06476
0.900633
-1.23347
0.626326
-0.540014
-1.07674
0.0268617
0.757723
-0.747875
0.442619
-1.15661
-0.546152
-0.392776
1.14901
-0.821283
1.02583
-1.2129
-0.0233104
-0.929872
0.715578
0.148106
-0.744506
-1.86636
-1.53837
-0.203488
-0.712236
0.281236
0.0111391
-0.895166
-0.320159
1.61216
-0.988956
-0.348253
-0.475139
-2.07242
-0.648329
-1.1138
1.81697
2.19474
-0.650885
0.72067
-1.45356
-0.782127
1.11374
-0.178264
1.52617
0.748782
1.20248
-0.606205
0.942147
1.37315
-0.984045
-0.250975
1.43344
-0.588822
-0.0305918
-0.0905885
0.290769
-0.0540526
-1.21023
-0.375814
0.510569
0.492798
0.207761
1.43303
0.811495
1.20822
-1.52015
0.688522
-0.485943
0.466597
-0.128423
0.242491
-0.931705
0.634604
0.0157218
0.60218
0.342493
1.20905
0.677676
1.46327
1.891
1.5423
1.75502
-0.222559
-2.03203
1.37645
0.061209
-0.329596
0.216161
-0.0372409
-2.4109
-2.02911
-0.430716
-0.188742
-0.0694583
0.0980645
1.77783
-1.26114
0.794666
-3.17544
-0.190859
-0.631906
1.52848
-2.74902
-0.277472
-0.528196
-0.007315
-0.721404
0.819017
-0.503104
-1.38053
-1.60171
1.02298
-0.222433
1.34768
-0.947213
1.30246
0.650467
1.0614
-1.28268
0.565303
-0.0292551
-0.44179
0.162672
0.558454
-1.03895
-1.58741
-0.816071
0.786222
-0.00961393
-0.212733
0.31288
0.92248
1.09553
1.44868
1.62387
-2.06515
-0.527069
0.584854
-0.0042772
-0.129444
-1.01225
-0.580058
-2.72647
-0.771059
-0.144433
-1.03647
1.65377
-0.536314
1.65464
0.316091
0.821096
0.923924
-1.79947
0.463463
0.395065
-0.243391
0.207567
0.00626019
-0.0855109
1.14025
1.06049
-0.160245
1.15725
-1.1579
1.08318
-0.0825985
-1.65897
-1.51359
1.33847
-0.186753
0.0830324
0.526111
-1.06819
0.115732
1.86625
-0.87901
0.0250575
-2.10891
-0.358214
-1.06442
-0.233299
1.46386
0.764135
3.35221
-2.31319
-0.681844
-0.914866
0.97267
0.783935
-0.625967
0.151388
0.93186
-1.60821
0.824372
0.279745
-0.737707
1.26451
-0.220371
0.489866
-1.99853
2.47115
1.00713
1.35172
1.0311
-0.340865
-0.736306
0.886238
0.186323
-0.348631
-0.856296
-2.82157
3.18363
-0.978291
-0.798856
0.0834155
-1.24376
0.120939
0.19444
0.744221
0.616335
-0.41332
-0.0722549
0.927053
-1.43907
-1.23174
-0.10641
-0.0138034
0.322228
-2.10269
2.0596
-1.47466
1.23436
0.50217
-0.220784
-0.303746
-2.11843
-0.266416
0.785425
-0.568169
2.28186
-0.598566
0.964299
-0.908932
-0.762254
-0.514596
1.76096
-0.451313
-2.56924
-1.32824
0.928903
1.06422
-0.774381
-1.94813
1.29211
-0.257228
-0.693709
-0.450692
-0.578982
0.788607
-0.709219
0.642851
-1.27191
-0.454646
1.12888
-3.08167
-0.580456
0.342138
0.270763
-0.0545514
0.079449
2.14761
-0.505545
0.0521833
1.10727
0.198995
-1.88435
1.48453
-0.791723
-0.016935
0.28613
-1.0877
-1.35696
0.0696904
0.561311
0.897549
1.63007
0.189558
-0.677695
-0.963795
-0.563241
-0.0544091
-0.235205
-0.892289
2.16072
-1.42686
-1.48738
1.26084
-0.0438022
0.262188
0.607524
0.141919
0.738666
1.06188
-0.657568
-1.6967
-0.761112
-0.475095
0.111364
-0.916243
0.666594
0.0682686
-1.48734
-0.675636
-1.47236
-1.85282
-0.283143
0.270809
-1.95261
-1.35779
-1.60379
-0.176749
2.17352
1.07099
0.537028
-0.441969
-1.10034
-0.634596
0.206994
0.986501
-0.780417
0.603563
-0.235891
0.0594206
-0.305719
1.30271
2.7357
0.111794
-0.841596
0.30729
0.122987
0.588267
1.11515
0.381245
-1.24523
0.0526235
0.561329
-0.333424
0.0698602
1.77851
-0.114618
0.843641
-1.62973
-0.150299
-1.03052
-0.1107
-0.199005
-1.60645
-1.34161
-0.482726
0.167992
0.102613
-0.432999
1.1639
-1.15607
1.33939
-0.156671
0.0247557
0.410547
2.15324
0.616532
0.213684
-0.525429
-1.16825
0.306655
0.226923
-1.6855
0.633483
-1.67251
-0.15208
-0.35524
2.66571
-0.349077
0.0161131
1.79844
0.555647
1.15268
-0.300165
0.743459
0.137368
-0.506038
0.475305
0.86337
0.138241
-0.0356554
-0.847342
-0.97486
0.190345
-1.69973
0.184179
0.542909
-1.40524
1.57874
0.528754
0.579293
1.05624
-0.946274
-0.248938
-0.614393
1.15412
-0.662637
-0.182692
-0.593984
-1.45356
-0.896746
1.60573
-0.013427
-0.766868
0.511625
-0.0154961
0.583715
-0.466268
0.992136
1.22179
-0.973946
1.07874
0.281331
-0.695615
0.432962
-0.893916
0.108353
-0.735067
-0.839733
-0.675508
0.858972
0.372922
1.8227
-0.150666
0.202957
-0.185105
0.812333
-1.20253
1.06275
-0.112701
-1.36417
0.882312
-0.740081
-0.847829
1.56945
-2.3739
-0.581111
-0.369042
1.48175
-0.0907948
0.696019
0.423567
0.0647019
-1.6299
1.01882
0.345524
1.3827
0.781118
1.48206
0.561609
-0.556004
-0.295342
0.636266
0.0620748
0.247507
-0.489054
-0.486708
0.867054
-0.207716
0.137542
0.0328929
-0.429492
-0.23384
-0.387223
0.509132
-0.967171
0.763317
0.112884
-0.704781
0.0221443
-0.348514
-0.489751
-0.867123
-1.38516
0.0537984
-2.27375
0.0112207
1.4253
0.80213
-1.57631
-1.39492
-0.374879
-2.45903
0.808478
-0.00705096
0.0719701
-1.21953
-1.31137
0.116444
0.5864
0.43056
2.33394
-1.87614
0.195168
0.361864
-0.777936
1.35534
-1.3523
0.511172
-0.156882
0.905698
-1.24785
-0.4858
1.0744
-1.66383
-0.748636
-0.196992
1.69041
2.03905
-1.51084
0.951128
0.949457
-0.606321
-0.506738
-2.63665
-1.17621
0.253802
0.3591
-1.16163
0.632983
1.88743
-0.337971
-1.8141
-0.322714
-0.114535
0.199573
-1.01237
0.33475
-0.296427
-1.77902
0.215536
0.367656
-0.794361
1.34332
0.495627
-0.186764
0.0776218
-0.725811
0.878018
-0.998834
1.06889
0.442976
0.210016
-0.51344
-0.568632
0.202858
0.291065
-1.06379
0.642192
-0.0354049
-0.553106
1.4146
-0.555724
0.443811
-0.0834916
0.0451057
0.211168
-1.13415
0.323903
-1.28036
1.81889
1.27601
-0.90499
-0.373272
-0.582918
-0.307837
-0.373109
0.501092
-0.117773
1.02678
1.85275
1.32942
-1.26892
-1.19864
-0.578262
0.884383
0.481511
-1.48507
-0.547365
0.345276
0.781481
-1.40196
0.0195567
-0.437866
-0.509378
0.999797
1.65807
-1.91175
0.923148
-0.0220426
2.5724
-0.0286072
-0.303696
-1.18524
-1.92808
0.166316
-0.27181
-0.0534099
1.76365
1.87615
0.817853
-0.80415
0.514377
-0.223147
-0.00315572
-0.353923
0.408919
0.0698781
-1.1543
0.112744
1.07716
0.349039
0.272746
1.24783
0.143176
0.0939744
0.585213
0.248416
-0.281759
-1.92812
0.624816
1.33898
-0.558661
-0.215385
-0.0176508
0.432221
-0.620159
-0.622087
0.970089
0.95272
-1.64226
1.49392
1.16227
-0.100713
-0.319876
0.304217
0.697964
-1.69174
0.811323
0.256212
0.859157
0.00233671
-0.608877
0.911649
-0.871958
-0.553641
-0.903674
-2.01589
-0.604355
-0.503038
-0.229947
1.29399
1.25145
1.3658
1.31163
1.06941
-2.13415
-1.25838
0.548824
-0.25602
0.238318
-1.16448
0.942868
1.02516
0.299362
0.525273
-1.53137
-2.2883
1.66841
-0.664061
0.697062
0.941526
1.50018
-0.786945
-0.150946
-0.0474738
0.974508
-0.239379
-1.11336
0.58643
0.364477
1.21286
-1.01305
-0.0994969
-0.802245
-0.775168
-0.235338
-0.71521
0.599573
-0.225996
2.1107
-0.0515749
1.09376
0.803147
0.884788
-0.75742
0.280433
1.34017
0.751752
-1.01685
-0.275889
-0.519761
0.298497
-0.174982
-0.291342
-0.973626
0.0447519
0.0526307
0.515079
-1.73879
0.386215
0.231375
-0.0536004
-0.630686
0.308675
1.6086
1.45374
-1.51958
-0.835234
-0.241763
0.243368
1.53432
-1.51897
-0.0727576
-0.0065142
0.59869
-0.536783
-1.36909
-1.20853
0.409632
-1.15186
-0.728871
0.816082
-0.19273
-0.201238
-0.0553539
-0.50544
-1.63976
-0.209084
-1.37271
-1.63512
-1.53252
-0.101988
-0.775824
-1.35195
0.329982
-0.363071
-1.2469
-0.434345
-1.73404
1.19128
-0.0496268
-0.448616
1.1757
-1.50531
-0.749232
0.104128
1.29805
-1.09326
0.926986
-0.376289
-0.693442
-0.440298
-0.0171302
-0.167654
-1.30729
-0.00329198
-0.0532296
-0.0945163
0.602847
0.803766
-0.351344
-0.85126
-1.1117
-0.374002
1.5359
0.0321628
-1.19244
-1.88914
0.405191
-1.20977
-1.05371
-0.931119
-0.794328
0.847419
0.964409
0.43371
2.53819
-0.284594
-0.00374156
-0.0133398
0.535254
-1.09424
-0.131902
0.160991
-1.76807
0.249285
0.0796531
1.24356
-0.670679
-1.66705
0.717617
-0.0803565
-0.41902
-0.814444
-0.40389
1.24409
-0.15742
-0.647642
2.222
1.41622
-1.8589
-0.32364
1.64633
0.879842
-0.193858
-0.291545
-0.43884
-2.22049
2.50423
0.272966
-0.730597
-1.8047
-0.949132
0.00454391
-0.488795
0.270705
-0.17928
0.771434
-0.900272
1.75484
0.607323
-0.164113
1.01591
-0.727482
-0.203329
0.401416
2.56548
1.01738
-0.571969
-0.470788
-1.46315
-0.352217
1.55876
0.464855
1.03173
-0.993021
0.442484
-0.982124
0.902951
0.596885
-0.149925
0.857601
0.728251
-0.253749
0.363084
-0.677177
0.604613
1.077
-0.498073
-0.969343
0.701672
-1.06665
-0.219715
-0.478824
-0.773198
-0.883626
-0.445462
1.70371
-0.339801
0.88933
0.272492
-1.22576
-1.23872
0.570048
-0.902989
0.471296
-1.89661
-0.0078028
-0.654443
0.47299
0.885548
-0.84625
2.19061
1.7978
-0.559702
0.264031
0.327408
-0.864087
-0.397429
0.0731861
0.253806
-0.78622
-1.03177
0.355602
0.81503
0.107672
0.931704
0.458935
-0.415926
0.560731
0.596488
-1.16368
1.00279
0.19288
1.15005
-0.201727
0.248342
-0.249009
-0.700266
0.383199
-0.755449
0.436424
-0.403036
0.0440686
-0.214628
-1.07014
1.73903
1.01549
0.931168
1.04223
-0.297666
0.179024
-0.929643
1.14281
-0.785317
1.59469
-0.831272
-0.145487
-1.21553
2.10932
-1.03657
-0.46896
0.713143
-1.50752
1.12427
0.062288
0.436264
0.791149
-0.38416
-1.64107
-0.456059
0.580255
1.13245
0.791104
-0.0736262
-2.50199
0.433416
-0.0691422
-0.346286
-0.801125
-0.30853
0.700389
-0.0918188
-1.39667
-1.28292
-0.498495
-0.480496
1.06519
-1.7594
-1.45575
1.02367
-0.399616
2.07516
0.791606
2.41327
-0.364649
0.232606
0.386166
-0.500917
-0.0292568
1.25146
0.915056
-0.830948
2.00817
-0.81341
-1.26008
0.157827
1.43155
-0.769227
-1.32249
0.797243
1.1178
-1.15468
-0.129503
-0.551949
-0.524332
1.07166
-0.309811
-0.275984
-0.0269089
1.00403
0.0135143
0.515783
-0.386741
0.531539
-0.745945
-1.82067
0.224992
-1.52504
0.297715
0.380398
0.0741802
-0.234071
0.750932
1.70799
-0.218167
-0.412141
-0.238336
0.108608
-0.0729639
0.719223
-0.023424
-0.132726
-0.796581
2.26303
0.60985
-0.231763
1.34709
-1.56539
-0.521203
-0.665674
-1.43127
-0.684594
-2.1973
-1.6203
-0.582832
1.57212
0.682372
0.753631
-0.821692
-0.100451
0.423021
0.520894
1.85198
-0.892694
0.348715
-0.923768
-1.33954
1.03238
-1.46538
-0.523431
1.50494
-0.991312
0.141265
-0.627742
-0.350666
-0.142379
-0.115708
-1.04073
-1.07187
-1.82787
0.196701
0.200337
0.785651
1.06434
1.46868
-0.754494
1.10323
-0.291926
-0.360942
0.323658
0.589895
-1.71269
0.513965
0.534656
0.991842
-1.25623
2.15541
-0.0909759
-1.47802
2.12246
-0.746958
-1.08652
-0.579159
0.941826
-1.06803
0.50992
0.0445796
0.873777
-1.88041
-0.496011
2.32024
-1.59708
0.917169
0.444868
-1.18853
-0.410998
0.0610754
0.229649
-0.909396
-0.248387
1.1729
-1.81239
-1.81347
-0.60998
-0.335973
-0.850472
0.0125421
-0.00475184
-1.18705
-0.474029
0.0374499
-1.22795
-0.995983
-0.114876
0.158486
1.2781
1.25579
-0.812449
0.588551
0.489225
-0.96835
-2.24557
1.14927
0.207233
0.979759
0.120102
-2.36124
1.19346
0.767745
1.26461
0.137438
0.220976
0.140508
0.0213038
0.969444
0.602328
-0.579285
-1.85841
0.63722
-0.570242
-0.411693
0.252096
0.873127
0.790473
-0.8421
-0.603585
-1.65832
0.416366
-0.0269504
0.761696
0.596968
1.00809
-0.0835781
0.907297
0.318963
1.01565
-0.415662
0.289997
1.74622
0.143502
-0.32428
-0.386782
0.0880377
0.446626
-1.29369
-0.142651
0.736434
0.939615
1.34452
-1.74292
-0.347035
-0.5615
-0.0102137
1.17777
1.89995
-1.41503
-0.871677
0.979401
1.76603
-0.457127
-0.114658
1.18878
0.986932
-1.22545
1.44046
-1.27248
-0.102551
0.305226
0.0491958
1.25322
0.213214
-1.47448
-0.104136
1.9592
-0.903565
0.133772
-0.690414
-1.09729
0.162086
-0.278611
-0.508685
2.15449
-0.695454
0.250747
-1.6475
0.974415
1.82308
0.428136
1.27589
0.460457
1.2279
-0.17183
0.133298
0.628037
0.677497
1.2016
0.41637
-2.44116
-0.136163
0.946766
1.85961
0.866426
-0.55535
0.0946644
0.276299
0.297002
-0.19142
0.333745
-0.286113
0.847232
-0.204153
1.04171
-1.41856
0.387784
-1.13663
-0.122542
-0.796085
-1.36208
0.266843
-1.18042
-0.912337
-0.992787
1.76485
-0.200894
1.99142
-0.524098
-0.47938
0.561628
-1.49724
-0.229877
-2.1561
0.103603
0.43
-0.559061
-0.50406
0.877772
1.19876
-0.0369976
-1.27946
-1.96862
-1.30584
1.47787
-0.794906
0.58072
1.29821
-0.0545023
-0.612417
0.505445
0.287669
0.461712
1.98282
-1.49734
-0.166778
1.26174
1.01767
0.337073
-1.75421
1.44402
0.959363
0.607049
-1.16237
-0.146973
-0.902695
2.06408
1.87524
-0.804052
0.294612
-0.874174
1.38445
-0.0336573
1.42255
-0.709581
0.647995
-0.0251233
-1.05028
-0.914603
-0.283445
-0.651539
-0.49013
-0.114097
0.44144
-0.903942
-0.0565234
-0.590066
-0.683125
0.471711
-1.72791
-1.35744
-2.31884
-0.0931876
0.279956
0.771609
-0.898923
0.116743
-1.22379
-0.250161
0.254766
1.67693
-1.77996
0.370091
0.185001
0.442791
-0.483977
-0.212494
-0.268981
0.386603
-0.579061
-0.0912764
-0.610215
-0.338512
-0.148572
-1.72365
-1.51239
0.622525
0.461876
-1.63571
-1.66706
0.189649
-1.56092
0.204244
-1.5914
0.0869978
1.40642
-0.857854
0.9257
-1.15795
1.82427
0.145515
-1.68392
-0.873705
-0.220785
0.694536
0.270713
1.0049
0.0333125
1.39042
-1.56113
0.835404
0.196704
1.10696
1.20497
1.27046
-0.925311
1.99143
-1.26832
-0.502563
-2.15238
0.187674
0.661024
1.30969
-0.0985994
-1.63795
-0.847976
0.942824
-0.352523
-0.0615694
0.155154
-0.728645
0.513695
0.56935
1.37306
-2.24248
0.393706
-0.397985
-1.75859
1.48304
0.311211
1.21951
-0.814505
0.151926
0.283753
-0.387246
-0.652131
0.74278
0.910281
0.551032
1.46768
-0.828241
-0.897984
0.971761
-0.0997698
0.99699
-0.989051
1.75611
0.879745
0.0543837
0.0138405
0.027479
-1.64768
0.776733
-0.381737
-0.992594
0.144401
-0.96612
0.434986
-0.765584
1.67555
-1.41071
-0.755215
-0.00449238
2.01475
-1.50374
0.745236
-0.141079
1.26371
-0.522977
0.687717
-0.122886
0.943364
0.208405
-0.0550576
0.590676
-0.416596
0.711151
1.29015
1.17652
0.673732
1.44071
-0.890591
-0.515356
0.559642
-0.165066
-0.0488885
-1.56241
0.587365
0.724059
0.025169
-0.913028
0.313331
-0.10213
-1.27879
-0.582345
-0.770287
-0.968897
-0.116765
-1.9647
-0.594908
-0.765736
-0.730398
-0.773033
-0.766897
-0.223033
-0.987662
0.875514
-1.26552
0.55687
-0.373968
3.35406
0.962202
0.0192858
1.62331
2.6326
-1.19892
1.51268
0.962793
0.068939
0.843923
1.5736
-0.241553
-1.76518
-0.452488
0.203209
-0.143122
-0.778673
0.227767
-1.19963
0.429356
0.22192
-0.0544622
0.450599
3.55282
-1.70351
-0.0441419
0.286015
-0.0950862
-1.51692
0.727876
-0.574677
-1.00497
2.08284
-0.170082
-1.16827
1.18168
0.204971
-0.388885
-0.22469
1.38135
1.68004
-1.09286
0.524309
-0.471424
-0.302071
1.00136
0.696466
0.522204
-0.110078
0.712174
2.23581
-0.437125
-0.404845
-0.407172
0.25808
-0.873249
0.223706
-0.0665156
1.08054
0.147279
1.92335
2.50202
-1.31952
0.712361
1.18943
0.486559
-0.921102
1.05933
0.573836
0.213629
-1.30381
-0.456016
-0.189024
-0.834239
-1.38131
0.941301
-0.163926
-0.657209
0.41547
0.0326935
-0.0985666
-0.539484
1.09795
0.289253
-0.30754
0.0522466
-0.527858
-0.604934
-0.443152
-1.14684
-0.128891
-0.563788
1.83163
-0.60269
0.211883
0.138584
-0.197816
0.160262
1.46608
2.44626
-0.398554
0.900633
0.651628
0.153137
1.75699
2.29897
0.840148
-0.497673
-1.68975
-1.01888
-0.74024
0.0268315
0.969911
-1.88382
1.19091
0.200494
-0.960913
0.966721
1.23011
1.39317
0.714647
-1.61802
-1.74446
1.31588
1.1318
-0.426048
-0.998022
0.622668
-0.776689
-1.58019
0.67351
-1.18665
1.50366
-0.211438
-2.55552
0.780465
0.0919604
-0.407026
-0.98064
-0.165298
0.686093
-0.522604
-0.670497
0.180862
0.0492661
-0.78545
-1.05608
0.534652
0.219267
-0.74197
-2.73197
-0.381911
0.890808
-1.98399
-0.878149
-0.214889
1.84255
-0.691616
-0.301904
-0.73226
-0.909447
1.24827
0.304475
0.55325
-0.258207
-0.476486
-0.612432
-0.584257
0.358261
-1.1106
0.479826
2.15571
-0.325343
-0.00313843
-0.165528
0.840447
0.698541
-0.660127
-0.209418
-0.489908
-0.583099
-0.179495
-0.771235
1.93889
0.745075
1.88919
-1.15574
-0.706644
0.196667
-1.09781
-0.0155207
0.329374
2.56058
-0.393333
-2.08698
-1.80282
2.45674
0.482986
0.00707288
-0.25616
0.249264
-0.0700673
-0.254706
0.197176
-0.686354
0.603109
1.19111
0.977732
0.375508
-0.762612
0.808823
0.843272
-1.77454
1.10666
0.00905697
-0.0958323
0.0618501
0.397911
-0.0465408
1.34686
-1.61851
-0.218666
0.95786
1.27905
-0.679144
1.08212
-1.07128
1.3611
0.479582
0.139127
-1.42005
-0.789834
0.711889
0.498978
-1.78956
-0.225844
-0.17608
0.913877
-0.265186
-0.447983
-0.562352
0.652437
-1.53279
-0.436592
1.04661
-2.0619
1.28722
0.178854
-0.340546
0.356499
0.797129
1.19137
2.07001
-2.04743
0.0461638
0.208923
1.22347
1.33963
-1.73489
-1.18681
0.761087
-1.70601
2.40889
-0.309365
-0.399895
-1.63628
0.3714
-1.72656
-0.405325
-0.206581
-0.127233
-2.36359
-0.414017
-0.744826
0.400681
-0.309533
0.634518
0.0497829
0.665806
-0.448085
-1.03127
0.792045
-0.737534
-1.45115
0.769587
-0.176553
-0.238944
-1.38193
-2.55346
0.390846
-0.744871
0.132999
1.12072
1.05378
-1.10369
0.661792
-0.0662494
0.246229
-0.0408718
0.829355
1.19927
0.858649
-0.026868
-1.07516
-0.882031
-1.46113
0.561435
-0.0266521
-0.734523
-1.8574
-0.140922
1.91277
0.233039
0.399912
0.836872
-0.117801
0.383121
-0.516813
-0.223806
0.744159
1.09254
0.0596048
0.817398
-0.186161
0.0139105
0.7327
-0.650718
0.275978
-1.44939
0.239059
2.5879
-0.779928
0.394927
0.461854
-0.341696
0.551144
-0.590909
0.479301
-0.00425514
-1.12674
0.853575
0.436902
-0.512594
0.12878
-2.32867
-1.72555
0.169523
-0.464659
0.675985
1.18486
-0.633258
0.125709
-1.47824
-1.41805
-0.661305
0.477802
0.335841
-0.255393
0.504562
-1.56982
-1.06596
0.268564
-0.373193
0.893587
0.5138
0.555403
-1.11387
1.20938
0.0715414
-0.863375
0.527555
0.612154
0.31849
-0.0617817
0.116393
-0.790324
0.812476
-0.137461
0.48461
-0.562101
0.757245
0.409728
0.428395
-0.968071
1.88365
-1.12896
-0.0215126
0.231271
0.897339
0.766883
-0.513049
0.587373
0.196492
2.22497
-1.45961
0.318972
0.442323
0.629984
2.50807
1.16344
-0.750373
-0.681863
0.498154
-0.483586
0.0416482
0.709076
0.799509
0.753859
1.37254
-0.17056
-1.44896
0.724747
-0.455687
0.323104
0.196823
-1.8927
-0.170069
0.338916
0.655127
1.16284
-3.00363
0.549591
1.42794
-0.194685
-0.557451
2.24934
0.836324
-1.72717
-0.397398
1.02041
-1.11218
0.502311
0.694466
0.763998
2.98383
-2.30645
1.04109
1.47241
1.46005
-0.958216
2.50818
1.33865
0.319261
1.07167
0.614748
1.30746
-0.100098
-0.132064
0.455849
1.39432
1.12667
0.377091
0.0237548
-0.132218
-1.17345
-0.992524
-0.374562
-0.591249
-0.242509
-0.938602
1.59417
0.201534
0.947103
1.20123
-0.654021
-0.652284
-1.54885
-1.25417
0.131826
-2.67571
0.582334
1.71469
1.05966
0.320584
1.54423
-1.42855
-0.161774
-0.909537
-1.28648
0.513554
0.112423
-2.4647
1.4052
0.832388
0.337857
-1.74922
0.491666
1.40796
-0.336135
-0.560244
1.8396
1.11842
-0.182509
1.03877
0.0637619
1.36729
-1.34476
0.817495
0.647792
-0.935226
-1.30296
-1.08575
-0.236911
0.706562
1.1826
0.348838
-0.277654
-1.59788
1.10183
0.313712
-0.713783
0.643958
0.560862
-0.351202
-0.81517
1.52831
-0.322066
1.24716
0.0159788
-0.572207
-1.97726
-1.33156
-1.15611
-0.488432
-1.16795
1.78078
-0.654196
-1.24203
-0.154316
0.585118
-0.132345
-1.10244
-0.535176
-1.1318
-1.38723
-0.294255
-1.57378
-1.99454
0.590998
-1.45746
1.68485
-0.544291
-0.574781
-0.758878
-1.25926
1.42591
-0.0173107
0.608389
0.974317
-0.89764
0.312476
0.744813
0.819196
1.0609
0.758179
0.291287
-0.0252048
1.39127
-0.653621
1.44625
-1.06669
1.35759
-0.486983
-0.11149
1.47863
-0.0435624
-0.695929
-0.913089
-1.42191
-1.24386
1.21751
-0.208208
-2.03915
-0.342569
-1.43113
-0.0959622
0.57441
0.0882804
-0.679005
-0.908156
-1.48336
0.810597
1.26552
0.939985
-0.93669
0.67689
0.247325
-0.686783
-2.03135
0.242536
0.430266
-0.86
-1.58344
1.41885
-1.20633
-0.867289
-2.31172
0.951035
-0.526703
0.250703
-1.37481
0.70537
-1.9157
-1.96674
-1.03222
1.20937
-0.382328
-1.37193
0.805388
0.0583301
0.0346385
0.209717
0.62226
-0.54967
0.0842626
-0.785614
0.126278
-0.383221
0.18192
-0.179402
-1.37694
1.10275
0.0119569
0.202869
-0.218315
-0.149341
0.336677
-0.990894
-0.0121403
0.241779
0.18485
-0.554289
0.139046
0.271875
0.368084
0.272294
0.371232
1.82688
-2.09219
-0.734466
1.37118
-0.874134
0.835286
0.725123
1.09918
-0.299559
-1.52307
0.716847
0.848762
0.125926
-1.15519
-0.709841
-0.0676037
-0.773019
-1.74888
-0.910441
-0.64791
-0.845738
0.244292
0.340599
0.483572
-0.913846
-0.807949
0.327106
1.03718
-0.681042
-0.157188
-0.764093
0.452526
1.7516
0.335918
0.0290879
-0.221931
-0.150635
0.879252
0.59675
-0.348321
-0.861801
1.47501
-0.27627
0.336951
1.21031
1.51855
1.14472
0.164605
0.308721
-0.409571
0.551153
-1.04809
0.133788
0.376359
0.48681
-0.0607563
0.419676
-0.369468
-0.146416
-1.12804
1.86937
-0.275067
0.0412839
1.1857
-1.30808
-1.04521
0.219992
-0.267123
0.168977
2.28482
-0.163427
1.25798
-0.437212
-1.19578
1.12189
-1.03271
0.726517
-1.1704
0.338152
-0.00731041
-0.0623555
-0.0126823
-0.446458
-1.45181
1.0711
-0.327223
-0.281767
0.0302865
-0.28893
0.497179
1.2867
1.23953
1.4957
-0.153221
0.407302
-0.361646
0.77912
-0.211711
1.20212
-0.567787
-0.641327
0.921114
1.7882
-1.61067
2.45961
2.25859
0.235921
0.405207
-0.365988
0.0729893
-0.494937
0.881897
-1.03348
-0.600369
1.91107
-0.969862
-2.43533
-0.565745
0.973996
0.000406023
-0.735015
1.03238
-0.226871
-0.626494
0.197019
-0.0371719
-2.24937
0.342398
0.439845
-0.129935
-0.511496
-0.84822
0.898071
-0.424123
-0.954574
1.61057
-0.0724412
-0.130856
-0.0489736
0.302889
-0.255854
-0.517226
-2.17809
0.274639
-0.0932799
1.44708
-0.811815
1.76797
1.49606
1.39673
-0.0556739
-0.587635
-0.612432
1.77797
2.42725
0.512208
0.769926
0.495407
-0.554219
1.05895
-2.38835
0.588732
-1.62049
0.353002
-0.336297
2.59645
-1.11425
1.19354
-1.34814
-0.74182
-0.333567
-4.33829
-0.262873
-1.6672
-0.993749
-0.781435
1.39537
-1.09954
-0.384309
-1.43928
1.38604
0.0700664
-1.5012
0.812091
-0.541457
0.648288
-0.0280525
-0.282886
1.34528
0.589709
0.902505
0.5132
0.118386
-0.505557
0.519639
-0.868158
0.472189
0.455349
-0.5777
-1.78429
0.872305
0.382735
1.42682
0.745739
0.408876
0.475229
-1.05119
-0.885376
0.318744
-1.46029
0.291244
-1.55239
0.207477
1.32059
-0.567281
1.06023
-1.43501
0.410494
-0.252187
0.46732
0.250623
1.09294
0.221879
-0.532627
-0.0502812
-1.93217
0.689047
-0.210215
-2.31833
-1.1664
-0.273904
0.00740172
-0.0403132
-1.36642
-0.62228
-0.308172
1.46054
-0.142017
0.341987
-0.300401
-1.66419
-0.298689
-1.54692
0.189482
1.40691
-0.0334542
0.730607
1.34914
-1.37385
0.6296
-0.875029
-0.541351
-1.18808
-0.698513
-0.374264
1.00132
-0.116244
-0.640478
-0.680052
0.54602
1.21775
-0.669546
0.166578
-0.446943
1.92274
1.41605
-0.420105
-1.03287
0.239291
0.283741
-0.315197
-0.947704
1.68561
-1.52182
0.177206
-1.25218
-0.00773853
0.318978
-0.467605
-0.14879
-0.181091
0.459106
0.461644
1.60317
1.16659
-0.881303
-1.04206
-0.244226
-0.372581
-0.601534
-1.32047
-0.698975
-0.973492
-0.118659
-1.85886
0.0687045
-0.608692
-1.61063
-0.592255
2.26294
-0.890197
0.513941
-1.1463
0.2527
1.15072
1.28118
-1.63254
0.107573
-1.36266
-0.630171
1.81531
-2.28311
0.323797
0.301329
0.71761
0.691428
0.408715
0.0499956
-0.428328
1.0738
0.624266
-0.158086
-1.52949
-0.947274
0.433214
0.542055
-0.358282
0.888369
1.18778
-1.97916
0.677371
-1.649
0.540855
-1.04741
-0.190296
0.25694
0.277948
-1.89444
-0.008564
0.800415
1.11467
-0.038926
0.556532
0.0540667
0.230593
0.802571
-1.83759
0.940774
0.188618
1.38084
-1.45986
0.271282
-1.50053
-1.90819
-1.10319
0.649423
-0.241125
-0.660886
-1.12837
-0.539655
0.205245
-0.969328
-0.508452
1.34123
1.63461
0.291747
1.12413
-1.621
-1.56145
0.777826
0.0737672
-0.4111
-0.225545
1.59665
-1.21589
1.20918
-0.699643
-1.44189
-0.675971
0.177405
0.822069
2.00701
0.375324
0.263788
-0.622021
0.289417
-1.24805
-1.20857
-0.913969
0.846322
0.0260297
-0.219517
-0.906599
0.411682
-0.408014
1.36215
0.317241
0.472275
-1.27456
-1.51068
0.202148
-0.263593
0.424681
-0.980674
0.0611242
2.57142
-1.30223
0.303441
-1.53845
-0.300628
0.608989
-1.24899
-0.604425
-1.44315
1.45568
-1.16052
0.44385
-1.48213
-0.246683
-0.979725
1.57885
-0.486511
0.531213
-1.35908
-1.60804
0.732619
0.155165
1.27384
-1.33277
-0.734177
-0.465915
1.38211
-0.786085
-0.468737
0.904078
-1.13663
0.839406
-1.75193
-0.724475
0.000341087
1.54315
0.263
-1.28628
-2.99712
-0.836569
-0.221741
-0.258634
0.842098
-0.330762
-0.670483
-0.324942
-1.1443
0.0980354
0.445261
-0.128953
-0.244858
-0.147765
-0.640847
1.69459
-0.525723
0.342249
-0.489528
0.957488
-1.10273
-1.60153
-0.380628
0.301791
1.17692
2.35212
-1.49978
0.173519
-0.00327916
-0.330682
1.87023
-0.697741
0.216071
-0.180394
0.98843
1.01352
0.853479
0.20245
0.136951
0.660983
-1.54148
-0.541339
0.0948687
-1.15867
0.014501
0.644523
-1.59446
-0.32356
1.68262
-0.194999
-1.21063
-1.12104
0.533891
0.27168
-1.23465
0.648289
1.16066
-1.23207
0.293733
0.114676
0.778347
-1.56886
0.963761
1.3122
0.413075
1.47509
-0.371379
-1.59416
0.702529
0.35731
0.921251
-0.719172
0.866846
1.14234
0.213676
-1.81048
-0.98637
1.63365
-1.71914
-0.507318
-0.875069
0.783327
-0.91506
1.42893
0.0531669
0.300093
-0.0960439
0.341514
0.0892455
-0.611659
-0.464316
0.113656
-1.25124
0.0933895
-0.16144
0.00569684
-1.97715
-0.0951444
-0.172457
1.23366
-1.29429
-1.45824
0.0244958
-0.534706
-1.06979
-1.02964
-1.7324
-0.405408
-0.676525
-0.727317
0.646564
-0.446006
0.900487
0.370576
-0.195441
-1.09874
1.3942
-0.0412246
-0.178673
0.649739
0.157531
0.470684
1.43354
0.183829
-0.598084
-1.06014
-0.259784
0.0794928
0.657849
-1.0282
-1.38433
-0.748986
1.06257
1.00643
0.322744
1.68856
-0.38712
0.700104
-0.183252
0.17056
-0.452017
-0.575044
0.772479
0.53915
-0.0955173
-1.1644
0.672227
0.548029
-0.276947
-0.0673884
-0.0701064
-0.568224
-0.651058
-0.273298
-1.1583
0.124416
1.13081
-0.828004
1.27271
-0.68683
0.0315266
1.31755
0.760962
-0.171536
0.718465
2.43371
0.951889
-2.45118
0.392348
-0.735106
0.315829
0.4281
-0.432539
-0.415674
0.541084
1.73283
0.976414
0.287549
-0.866319
-1.80983
-0.460015
-1.75304
-1.22769
0.046404
-0.209848
0.533551
0.29561
0.288845
-0.892251
-0.66856
-1.4597
0.252254
-0.191325
0.148543
0.738771
-0.317756
-0.459607
0.520353
2.0156
-1.51336
0.969015
1.04878
-0.129505
-0.708837
-1.88442
-1.11577
0.995119
-0.389771
-0.502285
1.72833
-1.6696
-0.907466
-1.50636
-0.0201526
0.074506
-0.341605
0.217201
1.12972
1.138
-0.388513
-0.441751
-0.706121
-0.596465
0.402988
-0.155688
0.942167
1.83478
0.900231
0.0514909
-2.43881
0.0313794
1.37612
-1.54146
0.365945
-0.425252
-0.728461
-1.01884
-0.69474
-0.530206
1.0151
-0.608244
0.798522
-1.04271
-0.110238
-0.431481
-0.262238
0.258041
-0.380619
-1.31211
0.233763
0.54429
0.164051
-0.337088
-0.610022
0.281329
-0.624312
2.30971
-0.922175
-0.912243
-0.450914
-0.234876
0.0496401
-0.399214
-0.120431
-1.00969
-0.336326
-1.47029
0.548684
1.72558
-1.10881
0.155834
-1.57703
1.18921
-0.116318
1.50583
-1.34476
0.69007
-0.474266
0.224878
-0.228243
-0.21388
-1.24494
-1.28058
0.996113
0.621834
1.01367
0.630444
0.824085
-1.1627
-0.523627
0.118602
-0.0650776
0.348854
1.57517
-0.201107
-0.503355
0.945682
-0.150555
0.187621
0.375539
0.247287
-2.70064
-0.206816
1.62534
-0.224407
0.697008
1.44849
-0.941417
-0.782213
0.622244
-0.259904
-0.0659945
1.19274
0.914989
-0.639875
-0.648133
-0.702668
0.0495525
2.17539
-0.000815341
-0.740913
2.2349
-0.37188
-1.19488
-0.0175372
-1.51429
-1.2042
-1.51748
-0.427431
0.892281
-1.2757
0.705115
0.459682
1.33929
0.664591
-1.40925
0.338973
1.033
1.23008
0.480378
1.833
-0.734927
-0.0827044
-0.639206
-1.26743
-0.746478
2.01549
-1.40688
0.331747
0.372616
-0.732272
1.39538
-1.2256
-0.185031
-1.96146
-1.19824
1.9898
1.11547
1.70258
0.645365
0.26743
-0.0157983
1.23662
-0.139218
-0.0572075
-0.11154
1.01216
0.521216
-0.469807
2.67294
-0.308781
-2.45531
1.21766
-0.369878
-0.996257
-0.655903
-0.54884
-0.843104
1.14011
2.35073
-1.78091
-1.39546
1.21609
0.864525
0.564705
0.467875
-1.03926
-0.303777
-0.110792
-2.26707
2.35127
0.408652
1.14816
-1.82885
-1.85487
1.69471
0.216704
-0.117196
-0.0664431
-0.751023
-0.607018
-0.690388
-1.52562
-1.04891
0.483209
-0.74952
-0.00632549
0.721645
-0.757442
-0.79689
-0.540591
1.37348
1.45548
-0.414442
0.873591
-0.48301
0.112513
1.64716
1.54612
-0.127771
0.0555962
-0.603393
0.675394
-1.58827
-0.469106
-0.403759
0.288543
-0.969292
0.258286
0.23846
-0.685763
2.00678
0.765925
-1.71474
1.05869
0.223139
1.73845
0.20169
0.55443
-0.04327
1.0511
-0.045749
0.289266
-0.948687
0.263553
-1.43925
-1.45224
-0.157259
-1.04961
-0.31358
0.232629
-1.27544
1.73871
-1.87409
-0.0662106
0.20406
0.687446
-0.868182
0.351729
-0.336782
-0.635831
-0.897923
0.503673
0.21909
-0.662967
-0.174854
0.381879
-0.48279
0.658103
0.729052
1.01251
-0.634155
-0.62847
-0.263348
-1.25937
-0.268852
-2.17197
-0.304125
-0.530698
0.751819
0.479633
0.606032
0.16537
-0.82337
-0.798297
-0.231561
1.22895
-0.537046
2.4033
-2.35226
0.741364
1.0759
-0.266748
0.307075
-0.54156
1.40861
0.268037
2.28157
-0.977896
0.739479
-2.2329
-0.272772
0.872091
-0.572162
0.683007
-0.0986232
1.33335
1.1425
-0.0286183
-0.00283152
1.66149
0.570815
-0.123289
2.21927
1.85921
0.21957
-0.904253
0.776061
-1.10077
0.806414
-0.292681
0.0916633
-0.22743
0.920098
-0.0996192
1.13313
-1.29293
-1.01016
-0.507482
-0.243719
1.22858
1.17017
-0.136636
-1.44299
0.930517
1.65839
-0.475111
-2.7454
0.376007
0.699406
-1.46518
1.18755
0.312621
-1.60367
-0.466931
-0.016205
-0.101955
0.0363559
-0.220424
0.121106
0.857637
0.992092
1.24574
0.830609
0.952012
0.354334
-0.168085
0.586331
-0.384129
-0.0877592
1.28396
-1.68808
-0.867232
1.30032
-0.0566105
-1.50071
-0.871582
-0.0817878
-0.659365
-0.679135
-1.48717
-0.00176681
-0.732045
0.161312
-1.31677
-0.500785
-1.51181
0.273463
1.26098
0.109801
0.785404
-0.581874
-0.888105
0.253165
0.0953595
1.09658
-0.878067
0.55758
-0.320291
0.175595
-1.61015
-0.448418
0.646595
0.0961558
0.499056
-0.617784
-0.537381
-1.14851
0.137756
-0.74119
-0.461714
0.778026
0.777606
0.59883
0.0904339
-1.72977
0.26199
0.722188
-0.545932
1.05597
-0.283281
-0.61177
1.27722
0.445018
-0.522103
-0.206873
-0.250969
-0.157016
0.222266
-0.937114
0.431781
-1.3567
-0.654515
2.11939
0.676909
0.159775
-0.309432
-0.418544
-0.937602
-1.51042
-2.19997
0.501427
-0.792938
-0.36123
1.08177
-1.28239
0.982916
-0.00828517
0.0649083
-0.0808971
0.284448
-1.59144
1.22823
-0.437372
0.886794
1.05601
1.09736
-0.363821
1.53192
-0.0959171
0.176001
-0.345995
-3.6203
0.677691
0.535756
-1.35402
-0.276733
-1.10732
-1.45673
-0.711922
-2.33887
-0.492276
0.11405
-1.21429
0.0161163
0.00333205
1.5012
1.15955
0.20539
-0.831065
-0.188693
-1.15204
1.80821
0.27943
-0.145259
0.380299
-0.221962
0.595252
1.25917
0.20597
0.700222
-1.82834
1.84605
-1.02093
0.375795
-0.497596
1.86019
0.349871
-0.463796
0.373679
-0.0748545
-0.481249
-1.93524
0.837858
0.157139
-0.969854
-0.401957
0.782523
3.01078
1.00445
-0.564986
0.513924
-1.11386
0.573396
-1.32205
-1.50437
1.52492
-0.563243
-1.34043
0.229401
-0.122646
-1.69993
1.18754
-0.285611
0.921427
-2.44455
1.09562
1.20377
-0.187769
0.943279
0.508267
0.296035
-1.34942
0.0148624
-0.213154
-1.69329
-0.981599
-0.49218
0.452291
-0.25656
-1.28237
1.1781
-0.776687
-0.25245
-0.0637585
1.80383
-0.428426
-0.288667
0.0922777
1.03741
-0.858959
-0.188455
-0.956935
0.33239
-0.660576
0.419581
-0.0914938
-0.817907
0.850019
-0.0988637
-0.25937
0.174019
-0.169272
-0.0206542
-0.442229
0.423359
1.75213
1.0495
-0.0354998
-0.0343787
-0.437827
0.542686
-0.979809
0.391307
1.70225
0.952972
-1.15914
-1.76418
1.13186
0.0938945
1.32117
-1.79911
0.627964
-0.374233
-2.00735
-0.206467
1.18668
0.199137
-2.2931
-0.0781438
-0.0836496
-0.554229
0.190986
1.2471
-0.917803
-0.273573
-0.456915
-0.837861
0.609612
-0.297173
-0.597867
1.21383
0.671047
-0.918686
1.39195
0.0467038
0.125322
-2.15401
2.87917
0.246452
-0.173472
-0.623517
-1.61946
0.504378
0.70781
1.37333
-0.113971
0.276332
0.0843157
-0.975625
-0.959912
0.814042
-0.132234
1.30639
0.786715
-0.0488952
-0.284802
-0.83764
0.0319264
0.439739
1.01339
-0.590304
-0.0458243
0.239999
-0.609591
-0.908348
-1.01014
0.279393
-0.430755
-1.55322
-0.598446
0.919297
-0.673722
-1.80748
-0.578789
0.429307
0.581064
-0.753096
-0.736242
-0.596057
0.510841
0.462684
1.11387
0.739053
-0.228903
0.514164
1.6076
1.11897
0.439353
-0.411884
0.778029
-1.66767
-0.132045
0.218789
-0.741848
1.63233
2.20686
-0.0622261
0.0922053
0.242925
-0.384339
-0.0343436
-1.58819
-0.414614
1.60819
-1.46274
0.37423
-0.282447
-1.12378
1.14553
-1.25139
1.04276
-1.64543
1.46431
-1.02658
-1.19855
1.42304
-1.03619
-1.27592
0.0474893
1.14932
-0.327596
-2.45305
-0.124471
0.106223
-1.12978
-1.37151
-0.915803
0.555393
-0.323855
-1.21997
1.32282
1.4676
1.01699
0.0639055
-2.12477
0.869763
-0.0782894
-1.07509
0.438094
1.20744
1.85052
0.365297
-0.671861
0.230967
-1.81398
-0.206354
0.0529353
1.14976
0.832712
-2.16386
1.89846
-0.491742
0.0367658
-0.878535
0.635669
0.449915
-0.485135
-0.894902
-0.536215
-0.235579
1.12502
-0.897982
0.711382
-0.251869
0.55588
-0.851986
-0.219777
0.872445
-0.604748
1.04045
-1.10248
1.39903
-2.23984
0.888714
-0.179517
1.03525
-1.52421
0.711963
-0.709916
-1.32692
-1.0809
-0.391535
0.520003
0.724596
1.40832
1.10328
1.09965
0.219023
-0.335292
1.95133
0.787058
0.029315
1.11249
-1.08728
1.3661
0.268304
0.219993
-0.366541
0.206831
0.441681
-1.60859
1.31019
2.23874
-0.745685
0.19556
-0.964575
0.136029
-0.366279
-0.608139
-0.383189
-0.377619
-0.542177
0.689778
0.984101
-0.274964
-2.02636
-0.655774
0.817694
2.17754
0.324087
1.16264
0.590108
2.92053
-0.916923
-1.91143
-1.98943
0.18654
-0.489707
1.18255
-0.946597
0.645154
-1.00127
0.253748
0.674093
-0.320504
0.654055
-1.81636
-1.1456
-0.253082
0.327693
-0.737073
2.03956
0.513996
-0.261037
0.673285
0.295837
0.600519
-1.28291
1.47286
0.91419
-0.606666
-0.249201
0.587567
2.1683
0.896569
-0.209246
0.142436
1.7526
-1.00168
2.89047
1.54302
1.46934
0.259095
0.741944
-0.0765066
-1.42519
-1.24266
-0.198795
-0.194041
1.21135
-1.25452
-0.0748152
0.186577
-0.226247
0.719852
0.4133
2.56623
1.74832
1.64134
-1.15535
0.857281
-0.975729
0.112504
1.03006
-0.202327
0.151818
-0.89653
-0.81138
0.11105
0.09223
0.878547
0.756252
-0.686933
-0.747483
0.939114
1.59039
-1.07653
-1.96894
0.623048
-3.30405
0.184287
0.934208
0.134332
-0.665086
1.13364
-0.197235
0.784362
1.51341
-1.16035
-1.24282
-0.339347
0.359219
-0.0416438
-1.51836
1.55636
0.566867
0.27613
-0.0440285
0.339038
-0.325769
-0.747457
0.236116
-0.541756
-0.382145
1.17175
0.471739
-0.247429
-0.335628
-0.0840032
2.60533
-0.121383
0.595638
0.108954
-1.46271
-0.0392797
0.607044
-0.680458
0.107204
-0.786556
-1.01733
-0.680595
-0.659781
0.0918303
-0.235214
1.0652
0.511309
0.293495
0.968329
-1.19675
-0.297164
0.503383
0.121227
-0.714113
1.92838
0.261165
-0.979369
-0.508454
-0.431831
-0.870657
-0.110755
0.787227
-0.110219
-0.0537926
-0.230739
-2.58114
1.03677
0.153228
-0.224076
-1.15993
-0.427454
-0.669522
1.47033
-0.605766
-0.0924969
-0.3908
-1.6025
-1.06957
0.226216
0.967615
-1.167
-1.02293
-1.22071
-0.79904
0.348754
1.01978
-1.35665
1.19657
-1.39856
1.6293
-0.305391
-0.372707
-0.855746
-1.13384
-0.0177912
-1.40649
0.873965
-0.995092
1.03572
0.327886
1.71258
-0.216341
1.03231
-0.604442
-0.35622
1.47543
0.696833
-0.16819
1.36322
-1.04727
-0.462501
0.872062
-0.920865
1.24863
-0.938981
-0.974298
0.0513731
-0.140892
-1.17003
0.0418668
1.57199
1.80316
-0.426886
0.165692
0.0686197
-0.413533
1.59218
1.46786
-0.826404
0.926788
-1.50879
0.815666
0.023732
-0.475185
0.235953
-0.861658
-0.100433
1.37305
-0.344311
-0.624584
0.41791
0.894247
-0.0485733
0.610766
0.0179922
0.502582
-1.47902
1.15551
-1.12221
0.462312
0.00781837
-1.66586
-0.505544
0.305238
-1.1279
0.0431057
-1.88508
1.00652
-0.124162
1.24429
-0.558435
-0.581656
-1.21565
0.431268
0.84177
-1.24697
0.473466
-0.80215
-1.4594
-0.0833828
-1.41906
0.788538
-0.47831
-0.724663
1.80127
-0.590836
-1.61201
-1.24712
-0.262509
-1.2061
0.486468
-0.54622
0.156855
-0.466843
-1.03062
-1.01256
-1.01149
-0.0931151
1.84152
-0.0970996
-1.80835
-0.165363
1.27187
1.26858
0.00222733
0.449071
0.649254
-1.05548
-0.041031
-0.567059
1.03288
-2.1966
0.389216
-0.047145
0.105813
0.772808
-1.43075
0.517546
-0.256391
0.669507
-0.312111
0.0470607
-0.971095
1.81052
-0.90076
-0.366677
1.54509
-0.461517
-1.64948
-0.255047
-0.126411
0.458177
-0.973043
0.368474
0.366312
0.186409
-1.17411
2.65692
-1.14537
0.503178
-0.373416
-1.16423
1.08525
-1.70553
0.813428
0.115782
0.28016
-0.759097
-1.1505
-0.977659
0.819698
1.76423
-0.310166
0.476943
0.279716
0.684742
1.50046
-0.515402
-1.2291
-1.09368
0.674148
-0.217109
0.531611
-0.198355
-0.595419
-0.99462
-1.24977
0.104024
0.063281
0.995539
0.500903
0.393791
0.219337
-1.33279
1.47581
1.69992
0.946381
-2.29863
-0.764783
-1.37687
-1.95948
0.680476
-0.198825
0.844862
1.95491
1.23945
0.565422
1.67826
1.04266
-0.41612
1.07255
0.358934
2.1465
-0.102247
-0.871052
1.2622
-0.357923
-0.933048
0.47154
0.200761
0.939391
-1.71054
-0.479939
-1.58881
0.954265
0.64595
1.4617
-0.0463987
-0.143937
-1.85428
0.818328
2.57105
-0.256378
-0.483675
0.574805
-0.193293
-0.272545
0.138955
-0.690815
-0.470071
0.562342
1.78457
0.323896
0.395801
-0.823583
-0.358509
0.57596
0.366203
0.631641
-0.25438
0.308945
1.45499
0.969498
1.37473
0.717134
-0.246074
-1.3054
-0.767257
1.47136
-0.0273916
-0.406155
1.12062
1.1704
0.0678475
-0.0449968
0.183808
0.251911
0.217411
-0.37854
-0.487499
0.120665
-0.652087
1.71758
1.25849
-0.231812
-1.3155
1.96395
0.0126077
-0.490983
0.0248368
-1.70935
-0.00113768
0.61571
0.643694
0.282692
-0.645531
1.17573
0.843202
-1.06969
-0.451936
-0.0327464
-0.58053
1.60231
0.512159
-0.0488637
-1.10149
-2.2644
-0.298241
-0.412766
-0.848774
-0.00645861
1.15248
-0.502689
-0.0512029
0.70999
-0.100182
0.115025
-1.6187
0.932702
-0.0868816
1.28486
-0.25827
0.353888
0.936727
0.683136
0.80743
1.1818
0.551536
-1.00002
-0.838655
-0.164321
0.16003
1.12895
0.413248
-0.441633
-1.25947
-1.27402
0.30268
0.481188
-0.308138
1.28606
-0.611189
-0.964517
0.344149
-0.960814
-1.00422
-0.0721366
0.594691
-1.29393
-1.24852
0.643013
0.395518
-0.933858
-0.640103
-0.329597
1.31916
-0.75925
-1.04043
0.561897
1.12956
1.85459
-1.07099
0.0592738
1.06431
0.0205985
-0.272663
-0.146366
-1.25868
-1.32803
-1.35861
0.914119
1.10313
-1.57215
1.90785
0.70293
-0.0369505
-0.411742
0.880854
-1.66223
1.84431
0.0378211
0.343993
-0.120573
0.140502
-0.719233
-0.21714
-0.830894
-0.332047
-0.15958
-0.770023
1.4284
-0.363584
-0.224786
0.714808
0.62497
-0.728628
0.511059
0.40683
0.155278
-0.786026
0.781178
-0.743187
-1.0325
0.60674
-2.21465
-0.516646
0.236303
0.522011
1.43115
1.03329
0.894875
-1.28935
-0.383734
-2.42438
1.06306
-1.96964
-1.40007
0.34121
-0.643548
1.41478
0.468506
0.360363
-0.196951
-1.3049
0.132568
-1.41725
0.885481
0.319872
-1.18259
0.293146
0.217886
0.717831
-0.487231
0.502645
-0.0588212
-0.41988
1.53275
0.0433218
-1.06955
-0.337006
0.0175235
-1.40616
-0.392493
-0.605273
0.73247
-0.856956
0.357519
-2.41662
-0.13845
0.474414
-0.578169
0.306264
-1.40431
-1.3312
-1.22096
-1.37276
-0.418108
-0.139503
-0.300154
1.39865
-0.0699968
-1.28562
0.208488
-1.51365
-0.685535
1.0128
0.221145
-0.246775
0.756599
-0.150468
0.010926
-0.301127
1.01035
-0.256775
-0.235576
-1.30039
-0.899965
0.420257
0.896273
-0.780848
2.09244
-0.62037
1.44149
-2.29993
-0.802085
-0.618778
0.0955769
0.0820791
0.103165
-0.769277
-0.382435
-0.341199
-0.703759
0.620888
0.238512
-3.60022
-0.306352
-0.230027
2.58897
-1.38084
1.19872
-1.1085
-1.81298
0.74473
-0.496473
-2.00356
-0.975512
-0.752964
0.694
1.11137
-1.42073
-0.182602
0.352377
-1.65203
-0.453676
0.433716
-1.56817
0.59536
0.245915
-0.238324
1.00233
0.739399
1.36692
-0.190656
-0.814724
-0.334965
0.447767
0.546468
0.377086
1.72195
-1.05172
-1.65496
1.10959
1.28489
-1.6378
0.0646231
-0.43211
-0.673716
0.773264
0.0102959
0.240938
-0.912805
1.27801
-0.282877
0.966806
0.0589116
1.9071
1.78252
1.2027
-0.412952
-0.709588
-0.0201585
-1.14328
-0.232994
0.424836
-0.459834
-0.4052
0.0141285
-1.63885
0.63829
0.60318
-0.0493382
-1.49768
-0.072536
0.665087
-0.114088
1.05145
-0.10611
0.822007
0.521698
0.953543
1.57468
-0.364694
-0.385398
0.488343
0.204717
0.515233
-0.337851
-0.612259
-0.0974375
-0.766663
-0.253808
0.274092
0.398925
-0.934756
-0.174245
1.11576
-0.949116
-1.3049
1.31883
-0.116704
-0.861037
2.40282
-0.284902
-1.1327
0.462619
1.81104
0.213773
-1.95009
1.02393
0.082538
-0.491795
0.285281
2.44865
-0.847976
0.462538
0.283287
1.62162
-0.0575157
0.754479
1.5676
-0.191966
0.15862
-0.592822
-0.77289
1.02325
-0.661242
0.396317
-0.635076
1.0543
0.201247
0.817486
-0.158643
-1.11862
-0.478693
1.47806
0.436587
-0.16153
-0.863967
-0.260624
-0.363644
0.00356426
0.76784
-0.0399345
0.197772
-1.83643
-2.28079
0.867842
-0.512773
-0.169035
0.129075
-0.938042
1.88707
1.0848
0.837676
-1.13091
-1.23874
-0.00270285
-1.2541
-1.1335
-0.518471
-0.419689
-1.994
-1.73816
-1.59838
-0.281657
-0.451931
0.953886
1.73584
-1.20556
-0.828746
1.45098
0.262603
-1.29203
0.482267
0.190893
-0.891924
-0.857638
1.45873
-0.477147
1.11533
-0.774257
0.40495
-0.615119
0.0478107
0.613047
-0.146778
0.831516
-0.911954
0.0133903
1.13
0.465194
1.45272
-1.37489
-0.73936
-0.261533
1.56306
2.77277
-0.0481454
0.000166455
-0.79791
1.70797
-0.364152
0.756256
-0.779499
0.526653
1.7652
-0.580457
-1.08948
0.322331
-1.18755
-0.290964
0.767404
0.589354
0.674952
-0.585859
1.20038
0.361972
-0.680259
-0.821225
0.309462
-0.17551
-0.799627
-1.79676
-0.10196
0.048361
1.31791
1.74258
-0.549893
0.467267
0.619762
-0.479061
0.774798
0.813589
1.09169
-1.74202
-1.31103
-0.0767273
0.94344
0.58307
1.15581
0.137585
-0.485548
-0.186752
1.6623
0.222736
-0.497803
-0.622662
1.49609
0.321519
-0.169384
0.488697
0.141449
1.29194
0.0314466
2.68131
-0.18206
-0.433977
-0.897675
-0.879366
-0.0814627
0.516511
-1.03386
-2.05431
0.978846
-1.83097
-0.528973
1.52907
1.16138
0.220473
-1.00229
0.656975
-1.87791
0.262818
0.422029
0.227594
-2.00423
1.29639
-0.59462
0.702497
0.235828
-0.835102
0.13672
1.81083
-0.732319
-0.765888
-0.665994
0.960811
0.0156232
-0.904087
-0.557305
0.769977
-0.403113
-2.29342
-0.025972
-0.00117967
-0.796434
-0.108517
1.65498
1.11387
-1.69975
-0.559161
1.12168
-1.8421
0.615389
-1.61814
0.176692
-2.51219
0.147733
0.394916
-1.76264
0.921857
0.80553
-1.47606
1.28678
1.14236
-0.725689
-1.86875
1.04626
0.815076
-0.5751
-0.0156756
1.28544
2.01466
-0.584493
-0.0774512
0.67555
0.764296
-0.303158
-0.0141822
0.185811
0.689014
0.61295
1.69123
-1.3613
0.390719
-0.0776623
-0.606518
-0.398186
0.633976
-0.610135
1.17885
0.0901511
-0.174095
0.0576955
0.605524
-0.529166
1.38356
1.31231
0.974368
1.61045
0.486132
-2.47743
-0.416841
-0.638822
-0.604182
-1.09711
-0.941536
0.169866
-0.990058
0.964842
0.975429
-0.605034
-0.53728
-0.0551414
2.39534
-0.275284
2.21878
-0.681435
1.33882
0.775379
-0.545595
-0.131011
-0.356187
1.96567
0.154265
1.45654
0.741414
0.066447
-1.23457
0.0573284
-1.80041
-1.00912
0.729962
0.0232843
-0.459697
0.702248
-0.822127
0.446823
0.0129958
-0.598477
0.687897
1.17387
0.712315
-2.38748
-0.943493
0.110782
0.657086
-3.01758
-1.26169
0.862046
3.24706
1.61739
0.230847
-1.5109
-0.099041
-2.51586
0.176811
-0.186517
-0.618956
1.41836
-0.269146
-0.10136
0.646593
0.381655
0.501978
-0.821294
1.37652
2.24307
0.703996
0.40745
2.12633
-0.0322592
-1.6976
-0.225887
-0.0802911
-1.85094
0.600591
0.554565
3.08698
-0.799583
0.117331
0.798441
0.153625
-0.054855
-2.28069
-0.933254
0.43839
0.922836
-2.31018
0.927492
1.34847
0.020202
0.583465
-1.86887
0.0748086
0.71008
0.227393
0.46966
0.266484
0.753364
-0.275765
0.158721
-0.415442
1.0496
-0.963617
-0.525782
0.478652
-1.43426
1.19776
-1.30335
0.75163
1.83534
-0.00623624
-1.67929
0.55098
0.506441
1.25584
1.38629
-0.208198
-1.02088
-0.523257
0.267418
2.3966
0.164968
0.0210384
-0.367239
0.580908
-0.65904
-0.353202
0.54191
-0.190184
-1.00535
0.258781
1.60464
-0.242599
-0.570443
-0.369559
-0.00690211
-0.244048
-0.313343
-0.0677216
0.0523935
0.344925
-0.0650514
-0.0615163
-0.899676
0.534987
1.7126
0.383576
-0.227186
-0.659761
0.77378
0.997425
-0.121527
1.82937
-1.00085
-0.406122
0.445797
0.110031
0.519625
2.00885
-1.56544
0.0399293
-0.720304
-0.284964
-0.277769
-0.337126
-0.609803
0.953991
-0.211745
-0.856193
-0.565921
-0.156788
1.11285
1.11134
0.665619
0.405103
0.0383414
0.166285
-1.06332
-0.256693
0.376702
1.11594
-0.722599
-1.1007
-0.396092
0.260992
-0.0404265
-1.19208
-0.289749
0.0693763
0.0095222
0.358069
-0.632544
-0.78315
-0.924941
-0.947229
-1.79518
-1.69712
-1.63014
0.809493
-1.04149
0.965317
-0.104677
0.135043
0.212156
-0.199158
